Galaxy: g15784_MW
9.905201068969205380e+01 1.016340421614367671e+02 9.897598620289483051e+01 9.560304680834357782e+01 9.231726574891318648e+01 8.923453544424944539e+01 8.642533940910784906e+01 8.394956885449136053e+01 8.165824036117525964e+01 7.961081250479104199e+01 7.773462344127059964e+01 7.597462146764378588e+01 7.438040706662768287e+01 7.290057419342153366e+01 7.146019204901092792e+01 7.017522710510657191e+01 6.897008501653051837e+01 6.781473977806012954e+01 6.671957557613639267e+01 6.571819341323192987e+01 6.476288250820255143e+01 6.385585770175327980e+01 6.297630837854287478e+01 6.213359001272112181e+01 6.135036868367428298e+01 6.060638151713875743e+01
Galaxy: g21647_MW
9.873208289880199118e+01 1.042355613337952462e+02 1.074154428381449407e+02 1.090656889686365787e+02 1.097850368011937547e+02 1.099937794340141153e+02 1.098317456293264200e+02 1.094555446855816285e+02 1.088972037031923321e+02 1.082503846709490603e+02 1.075576834372516259e+02 1.067759486611208501e+02 1.059653836959965076e+02 1.051881124586027454e+02 1.043560744829795368e+02 1.035732250880848966e+02 1.027464723453303748e+02 1.019284212786390071e+02 1.011687437803176124e+02 1.003741958800702321e+02 9.959384661470222966e+01 9.885079115013222406e+01 9.814417068299006530e+01 9.740863524728460732e+01 9.673077971172313028e+01 9.602581062043002191e+01 9.535645015561937043e+01 9.468189660016308551e+01 9.406075241507183193e+01 9.341505766887230777e+01 9.280208137064336427e+01 9.218430607365274909e+01 9.163290233399028750e+01 9.102356544123159665e+01 9.046151752417534908e+01 8.989471418542252934e+01 8.937229478347416034e+01 8.884442688232495300e+01 8.831176376313904086e+01 8.780530350999454470e+01
Galaxy: g1536_MW
1.123589105494367288e+02 1.556929229971440805e+02 1.885199246245274480e+02 2.169639577248238140e+02 2.399693851652626506e+02 2.620771442781847327e+02 2.814728123285533457e+02 2.991442899386639738e+02 3.156554491817030339e+02 3.310585271941258156e+02 3.453941576629923134e+02 3.590177046461311647e+02 3.723128293254034702e+02 3.844264976320221763e+02 3.960525723447804012e+02 4.070562166626086196e+02 4.176645161788376299e+02 4.277447474422207279e+02 4.378076776880940315e+02 4.471666035836684046e+02 4.561001713186313964e+02 4.647786835854026890e+02 4.731489574032850101e+02 4.811656543647582112e+02 4.889774391953398549e+02 4.967747633198451922e+02 5.040226645594171941e+02 5.111025564151121898e+02
Galaxy: g5664_MW
7.378497786341239362e+01 9.637849838888561749e+01 1.142216325406934203e+02 1.296900542053813581e+02 1.435499939414437733e+02 1.555967438024569844e+02 1.669691058296558595e+02 1.773825933733378974e+02 1.872574843957173130e+02 1.964316368566680353e+02 2.052319962474323631e+02 2.133760576345803770e+02 2.214636093486764707e+02 2.288957210927753465e+02 2.363179632304050131e+02 2.431720820244548804e+02 2.499575340777328165e+02 2.564183867623997912e+02 2.627475726131343663e+02 2.689527938871074184e+02 2.747293331068553357e+02 2.804133804734066189e+02 2.860090014074506257e+02 2.913052627343688528e+02 2.966709665226567267e+02 3.016903967793383003e+02
Galaxy: g7124_MW
9.124944056687343164e+01 8.749821635069832837e+01 8.321883310619770668e+01 7.915357612872024617e+01 7.583544368320158924e+01 7.284743398281524662e+01 7.035125323073117443e+01 6.795557923102052200e+01 6.596695569565909523e+01 6.419435431127028835e+01 6.250682618389765111e+01 6.098675304818766563e+01 5.962424372897561398e+01 5.833615318390737770e+01 5.712947934288891361e+01 5.604643828219712987e+01 5.500997926908279112e+01 5.403929735784662824e+01 5.311692045712369037e+01 5.227841507039545377e+01 5.146666576516144431e+01 5.071610075232858605e+01 4.997782985035036774e+01 4.930069328065260237e+01 4.863211648394104714e+01 4.800207076777829940e+01 4.741415179822458015e+01 4.683089052706085909e+01 4.627875942854819158e+01
Galaxy: g15807_Irr
7.097324890010821719e+01 9.261928976218263188e+01 1.093621418169549742e+02 1.241683178892427577e+02 1.371531533404940149e+02 1.487970568794925725e+02 1.598279988078130884e+02 1.702271837561894188e+02 1.795974717343460725e+02 1.884585125568770536e+02 1.972215090925251957e+02 2.054593628238332030e+02 2.131305178928685393e+02 2.207991927498550240e+02 2.278825138090380733e+02 2.349047541700040256e+02 2.417785512146283793e+02 2.481659530418852455e+02 2.543622507157015775e+02 2.606284077195437021e+02 2.666359179765007070e+02 2.723253134627889267e+02 2.780988612771039925e+02 2.836518616064886942e+02 2.889259347622285077e+02 2.942922331334125943e+02 2.994663437299750512e+02 3.043915972897073630e+02 3.092809545890992240e+02
Galaxy: g15784_Irr
5.760818793047497621e+01 7.483239704509783508e+01 8.759066497833961762e+01 9.913565117761227441e+01 1.095521521268554181e+02 1.187351310702243552e+02 1.273289240555999555e+02 1.352128970928254432e+02 1.426163176949315243e+02 1.499200513170175668e+02 1.565460445853070723e+02 1.628638368388918707e+02 1.688186179458685388e+02 1.747942386024932091e+02 1.805358251417267468e+02 1.858255844636088341e+02 1.911698369508183646e+02 1.961864788849067338e+02 2.011207011002311731e+02 2.058365535533249044e+02 2.104186964477895856e+02 2.150756568678197311e+02 2.194105879819351514e+02 2.237621172489439232e+02 2.278190658572085567e+02 2.319619252348730356e+02 2.357714279997853737e+02 2.396711358882794229e+02 2.434286007932018947e+02
Galaxy: g22437_Irr
5.993117939858723986e+01 7.429515833249823231e+01 8.574667632169018816e+01 9.609378481729230259e+01 1.049889214312635062e+02 1.130938168713139760e+02 1.207103372307725522e+02 1.279221754173734240e+02 1.344207401510940940e+02 1.406653611033368065e+02 1.466854866786466403e+02 1.521892408812467750e+02 1.575410283952172676e+02 1.625607214793890876e+02 1.675596905489058770e+02 1.723567958662582953e+02 1.767983893253133658e+02 1.811648274609105158e+02 1.852999610174129259e+02 1.894536777395985609e+02 1.933218153526658512e+02 1.971441404979007643e+02 2.009214095296538005e+02 2.044498650723928392e+02 2.078800145384282416e+02 2.112817073731919493e+02 2.146546449369243703e+02 2.178151454642701879e+02 2.210155012567732626e+02
Galaxy: g21647_Irr
4.481167628256417146e+01 5.554616621207897253e+01 6.462143194407050828e+01 7.237854989655106408e+01 7.920874352213292013e+01 8.557279422276022274e+01 9.156605531179688739e+01 9.694900777252310320e+01 1.023051904355609878e+02 1.071779300157135140e+02 1.118951763436828486e+02 1.162255238490020588e+02 1.205328562657507661e+02 1.245875636778598192e+02 1.285625555606142996e+02 1.323218082640604507e+02 1.358847975746984673e+02 1.394677868004402512e+02 1.428735148872748368e+02 1.462410650839925097e+02 1.494503240472463972e+02 1.526310682377163630e+02 1.557264374432501768e+02 1.586854155062084999e+02 1.615167316920605458e+02 1.643888948504803977e+02 1.671410050538332257e+02 1.698823634047674318e+02 1.725126024749824580e+02
Galaxy: g1536_Irr
4.427300190808167457e+01 5.628157339254894964e+01 6.605818371759258412e+01 7.448785036725192299e+01 8.187476550006942944e+01 8.848414003025119712e+01 9.467511372458392316e+01 1.007023184450629572e+02 1.061671825322039666e+02 1.110781347779105204e+02 1.159672694821321102e+02 1.206157731372158963e+02 1.250509620539083073e+02 1.292292669424882945e+02 1.333039132936427791e+02 1.372218322400147201e+02 1.409964898539297451e+02 1.445826364068018108e+02 1.481059136896597010e+02 1.513563530363804261e+02 1.546665166007261689e+02 1.578782189112282026e+02 1.610952574462610585e+02 1.638879286191861411e+02 1.669353627850189525e+02 1.698105881539505617e+02 1.725688556955008437e+02 1.753028711721694606e+02 1.779710387381082057e+02 1.805765373056116232e+02
Galaxy: g5664_Irr
5.891807851435523702e+01 7.379994910851456780e+01 8.554044532253323041e+01 9.603595576438436865e+01 1.050154620239473928e+02 1.131483096279896614e+02 1.208737559706113274e+02 1.280095288592848704e+02 1.344224175126628609e+02 1.404417784988822859e+02 1.463225122066921244e+02 1.516861348713557902e+02 1.567814305669848807e+02 1.618109386154885101e+02 1.665225660231920415e+02 1.709484035791193435e+02 1.753464338117923944e+02 1.795649411550250818e+02 1.834757345377272202e+02 1.873803118186705206e+02 1.910097334107956897e+02 1.945146328595964178e+02 1.980260627853012920e+02 2.013003686451812939e+02 2.045868881617884085e+02 2.077686449323304032e+02 2.106343926592544733e+02 2.136300039654396983e+02
Galaxy: g7124_Irr
3.685819403474827283e+01 4.224364493097866102e+01 4.683005602839611470e+01 5.084287350870824440e+01 5.441678203058426533e+01 5.764024156157404377e+01 6.057525967756116358e+01 6.326741930885933130e+01 6.575146780126650015e+01 6.805466074636707674e+01 7.019887635510728785e+01 7.220201326925267438e+01 7.414157763505558307e+01 7.590112733082908392e+01 7.755803375996704574e+01 7.912144831122147082e+01 8.059932113215666050e+01 8.199861218081922232e+01 8.332545632709080508e+01 8.458529426264411200e+01 8.578297756395501494e+01 8.692285393652291248e+01 8.800883706581939236e+01 8.907931721706766837e+01 9.006622591311574411e+01 9.100900575334729581e+01 9.191031669080325628e+01 9.277259524343409680e+01 9.362591340451591293e+01 9.438882944071166037e+01 9.514674748895033929e+01 9.587359251595674436e+01 9.657099491508098765e+01 9.724046870956030375e+01 9.788342239597818661e+01 9.850116852722064209e+01 9.911499314462072618e+01 9.968515163496196863e+01 1.002335807229281670e+02
Galaxy: NGC1560
2.239251911206897887e+02 2.187586885238800107e+02 2.079326164608140459e+02 1.978025588915376147e+02 1.886518034700643227e+02 1.816230655115195987e+02 1.749231812371656929e+02 1.690253359971907514e+02 1.637836993217848089e+02 1.592631620521158027e+02 1.550005662011177492e+02 1.511236561989912275e+02 1.477121444130065413e+02 1.444375144935731896e+02 1.414107261726370837e+02 1.384926484497935633e+02 1.361853368144985836e+02 1.337236186788451846e+02 1.313252581473431917e+02 1.291584688251594741e+02 1.271941342671273105e+02 1.252572526051535107e+02 1.234218512648731689e+02 1.218152208288546632e+02 1.200856701082876725e+02 1.185023432760639537e+02 1.169908913612023440e+02 1.156024062971515036e+02 1.142164152668933781e+02 1.128356157259206327e+02 1.116621209476826380e+02 1.104342551587675416e+02 1.080703155179820527e+02 1.060423901127405486e+02
