CamB, 16.199421272431266, 25.225786953288907, 29.238131546247406, 32.53890953693142, 35.507099323759945, 37.92298110602137, 40.05276307701323, 42.93100774804726, 46.001366515272004
D512-2, 36.763473360860395, 49.5385553316545, 57.98215648890914, 64.0956322302445
D564-8, 22.44946223397098, 30.671444991922524, 36.34684080843755, 40.66643495972809, 44.17225726519068, 46.98772500879223
D631-7, 22.7248061197963, 31.402295022545648, 37.60639368066627, 42.4888587475826, 46.5099690272414, 49.84237948037394, 52.78323645392216, 55.34975178028696, 57.61199217940916, 59.62170594171382, 61.41841566899145, 63.03310813882721, 64.49059388874325, 65.81108337272515, 67.01127808910802, 68.10514876046999
DDO064, 70.68856956702511, 98.50555320000555, 107.16014458551561, 110.59940606533253, 111.59194961309176, 111.4236755254601, 110.66429161245894, 109.65406976380758, 108.43275815932891, 107.13395875911061, 105.80773876104242, 104.54943454242121, 103.8933313873655, 100.05876965281506
DDO154, 27.733025761902972, 37.60168726655013, 44.017245299270954, 48.73913813962414, 52.4499921539838, 55.33324983542665, 57.712756753096066, 59.62503482618003, 61.2125636712637, 62.56526560478744, 63.67843512916532, 64.618665016226
DDO161, 29.072856420902017, 31.896445915208112, 34.24944564928874, 36.58123837197791, 38.08513774118272, 44.84245998668709, 50.408790579796346, 54.97875239729928, 58.90992210952047, 62.34634883405019, 65.38580405541695, 68.09846502960397, 70.63514421411756, 72.8749652416241, 74.8658916040357, 76.68249249068177, 78.34578097260106, 79.87326771743675, 81.27971666934829, 82.5777019893468, 83.80257567155026, 84.91280790666937, 85.94304949845102, 86.90043211664886, 87.79124527773314, 88.62106306530042, 89.3948475561442, 90.13186894746366, 90.80546353304284, 91.46096112469549, 92.04818836040722
DDO168, 26.322252628128275, 36.145759602338025, 43.17977621282374, 48.356374582735725, 52.75724752735544, 56.323235827462554, 59.41377059695848, 62.000777961031474, 64.24603888744824, 66.21018326798703
DDO170, 38.77258848105327, 48.77123430467391, 55.29967194011936, 59.87277875561508, 63.26491869696293, 65.81427960475163, 67.77832850359047, 69.31712770329732
ESO079-G014, 14.074859692175606, 21.67789425776363, 29.061320556616305, 35.5129579821926, 39.51695871593936, 44.869588226643685, 50.49394607490743, 53.25455243459537, 55.323924962177195, 60.317430111402444, 65.48843457151212, 69.85534554552424, 74.04158570265088, 77.82299386615394, 81.1096470908394
ESO116-G012, 25.377007595409953, 45.29276318729228, 57.298332860736146, 65.29407528387698, 76.47149281817323, 82.08337263308034, 86.82262832161715, 90.71839532128426, 98.80650545656786, 103.80772594701877, 107.83658338315367, 111.34265028086864, 114.49581430204627, 117.34177301651371, 119.88662863018327
ESO444-G084, 15.455968072180857, 25.760804872489054, 32.317684015083614, 37.150939202075456, 40.888788691893176, 46.735291656004165, 50.819716582836904
ESO563-G021, 53.36572818741236, 91.3086154912609, 116.80398718319704, 137.01562507910336, 154.06119151921553, 168.92235617603907, 182.15254400781694, 194.22952149055098, 205.1252577611028, 215.15174742887243, 232.8938281585449, 248.9945742806164, 259.8673679561346, 272.2930445789267, 282.95435791466423, 293.13448717477206, 302.4840186001157, 310.58361613771507, 318.5112821418442, 325.7900198069382, 332.23138767136925, 338.54812154264073, 344.3909982113266, 349.59490764674354, 354.6988660246405, 359.4998098070273, 363.7699329103467, 367.9754660672211, 371.9245177214424, 375.4700070430522
F561-1, 35.24489511061033, 48.38231350737959, 57.483899993907414, 64.48327744391872, 70.1204218164739, 74.7613164711203
F563-1, 44.984821517379906, 56.37549248766644, 64.85711521064655, 69.55962469305402, 70.19122305602075, 71.50343901014509, 92.9290335471657, 98.30751844455185, 100.15007197702062, 101.6864842262704, 102.12070019036241, 105.59523485904877, 109.46809149159238, 110.42048959522502, 112.58610639598454, 113.31405289780893, 113.93009628438396
F563-V1, 60.59697495843773, 77.701551428578, 87.08815077541038, 92.98040811607383, 96.8270483402208, 99.41008637274336
F563-V2, 43.43757283830949, 70.95082786788977, 85.78020806775997, 95.42258560813914, 99.12855170047244, 114.73644086874556, 120.28416657314722, 120.72799222658371, 120.9559253789355, 120.9385942048409
F565-V2, 67.5892656739682, 88.4490716512894, 101.24021601712322, 109.68348979255774, 115.70123301479303, 120.04629874778746, 123.28970587079257
F567-2, 48.28560242296928, 54.993189402590986, 56.91852318603405, 57.222983545491, 56.86354129872474
F568-1, 32.42158589392568, 54.39082185769848, 68.1021707751025, 78.24699584811157, 86.2525185604611, 92.79623469807271, 97.16259637574102, 106.9061436444324, 110.40517769977046, 113.39254706713322, 116.07748855296185, 123.22310084770453
F568-3, 43.978780602269424, 58.81324185684619, 71.40641254700503, 75.3590052064983, 86.4405520466885, 89.27923171719863, 96.73022029146512, 102.34717421319404, 106.1490976943175, 110.73230236754364, 112.70989099845075, 119.31701193326334, 134.60256771143003, 139.108727148824, 145.55358118021542, 151.33472009723585, 155.76172830106177, 159.6070806358214
F568-V1, 57.0920631464252, 94.3537863986499, 115.76283543291909, 131.18546788088184, 142.71642794827764, 151.4673573675419, 158.62715830899475, 164.34871774833312, 167.63459948411875, 172.96864218203376, 176.15526302809337, 178.88936939604156, 180.9901593142498, 185.4420848148122, 190.62500137307632
F571-8, 41.43634888949547, 75.66304140786659, 95.98208444109278, 120.85962721432034, 139.45614667295064, 143.98957534941835, 155.0358321881014, 161.09398809518632, 166.2749140565568, 173.34465707628593, 183.06334153154464, 188.66587485240018, 196.78526270040152
F571-V1, 55.258349426721644, 73.12956453886805, 84.48052448772967, 92.37606774576629, 98.12762788814938, 102.47007633637095, 105.79686393050325
F574-1, 28.81752191256453, 48.53751095879588, 60.997113305987945, 70.32258064434004, 77.69143667572405, 83.90977735395816, 89.10185126821318, 93.5562027984467, 97.42199412817286, 100.77329536243984, 103.7924033173559, 106.38730477310295, 108.91903840993533, 110.720523472218
F574-2, 56.21136591999341, 74.06461117365755, 85.22008597712875, 92.84057551464447, 98.39073052918033
F579-V1, 33.15843338688326, 59.848793023245904, 70.21137946987898, 79.58308205322349, 90.27503592180288, 97.08588262180129, 103.5293832465475, 107.22539062774555, 112.57439172616462, 116.25527814664746, 119.89649768926157, 125.28047566539188, 128.81121130372685, 134.67876182175365
F583-1, 19.719312357848967, 25.485980253864877, 33.31936291410884, 35.67003438851914, 41.28338083521436, 46.007212981210536, 49.15954346572383, 53.72910616542074, 54.74986012545092, 56.97894184984291, 61.820362335721164, 64.35203977921634, 67.35872107329256, 68.84845355269536, 70.56313389778768, 72.78858102370378, 76.0841686915123, 78.21761871983058, 79.17667248468834, 80.62790072376099, 82.70340641416267, 86.06412085994259, 92.24096119046038, 100.65674050706487, 101.499894860366
F583-4, 60.82426257883918, 99.17652065655214, 116.27170355399032, 126.54107302719383, 137.02427625222532, 137.53433462769317, 137.78077933080738, 137.77945862494514, 137.48450252648226, 137.2945114783564, 136.67792020418113, 136.0382135629666
IC2574, 41.86681467360249, 47.68828251122447, 52.39643452759078, 56.59272614739898, 60.140921588103296, 63.40101120555319, 66.12421444618322, 68.76824725634295, 71.16437169369124, 73.27517244081427, 75.27843962257803, 77.05710771403557, 78.70021690709318, 80.2743788877282, 81.73204488204784, 83.03979595157037, 84.30078843357143, 85.3969211558128, 86.49783468487789, 87.52622965959283, 88.4559977101636, 89.35875464776808, 90.14833515223037, 90.94578194660924, 91.69459714622968, 92.3747457846098, 93.03790704901074, 93.6200945388566, 94.21005689892907, 94.76577244588837, 95.27191232418313, 95.76660859780414, 96.23311862757403, 96.64363574653767
IC4202, 58.19227507276045, 82.84626082466555, 100.0640125146866, 114.25772154212552, 127.20661588888497, 138.03010363798467, 147.61984618390647, 156.33533952522555, 164.72445939223817, 172.16581164121186, 179.24144579417361, 185.7471353458969, 191.83164469280788, 197.4714992042839, 202.71741592151778, 207.1089494083581, 212.4274002413428, 216.87756237705082, 219.53880957555745, 221.64085754310938, 225.64116985416558, 229.45477164903014, 232.21216761379875, 235.77426027185356, 239.1363724801751, 243.16878014960432, 247.71674266601627, 252.66653068124623, 255.67697846625745, 257.61103567518126, 262.2078965417221, 264.8131486257496
KK98-251, 16.319075547811625, 20.689124779441347, 24.153043076108915, 27.235052826579814, 29.746479397734355, 32.10744026733862, 34.220323010693164, 36.025114256309905, 37.780035116394515, 39.209505851551036, 40.7128944405778, 42.107660769923044, 45.030783255924696, 47.13051498150384, 49.05489028768551
NGC0024, 28.060078125092332, 34.3930107472446, 39.58905714331508, 44.05677358507739, 47.662904081129355, 50.9335885342249, 54.21904681394402, 57.234656300128286, 60.023723496270044, 62.3903050328235, 64.83149366382783, 66.92027698964499, 68.89799842025036, 70.9579086033481, 72.90831534603166, 74.59496753407812, 76.36330254962259, 78.04787864144232, 79.65533812557676, 81.05466748763229, 82.53053201781991, 83.81837134338274, 85.05816126883617, 86.36981286403734, 87.63017883138595, 114.92346604783928, 119.12912436158561, 122.20995870664176, 124.4015698256255
NGC0055, 48.37687751398092, 57.48667105105289, 64.62162171204564, 70.28610183596605, 74.99269979573955, 79.03620107660966, 82.44426259163384, 85.39743945175853, 88.0163551809278, 90.27899071090539, 92.3092710431749, 94.08040471775746, 95.65804166758211, 97.08935785232386, 98.34950082534101, 99.48049634910161, 100.51306196013392, 101.42678668917092, 102.26294186184155, 103.00411624823937, 103.67270100316706
NGC0100, 26.27211565420927, 44.64541815107434, 56.57612979378284, 65.38118156947253, 72.93645775837471, 79.32297400888356, 84.84122675418196, 89.58322004045233, 93.88874994307164, 97.74093194859127, 101.1396082710517, 104.22514080995376, 107.09880494776417, 109.72466806616382, 114.71352266490997, 116.30279182175566, 118.19598149067632, 119.94900023181006, 121.57517081720232, 123.05441772288357, 123.89306099541419
NGC0247, 61.68727988793584, 73.75632610820219, 83.48267841134104, 91.65099179521289, 98.21342635447093, 104.21984321359136, 109.3755919291808, 113.93399444446077, 117.92452376720911, 121.57368545469983, 124.86247709834883, 127.78692872028535, 130.49645568090514, 132.96598909288284, 135.26299111046245, 137.2542022748936, 139.18943461070043, 140.9357547917853, 142.51606347319625, 144.00274673262211, 145.37613078540977, 146.64624351003636, 147.80100311606995, 148.94997608116904, 149.93899123577356, 150.8576836589987
NGC0289, 56.35488592350573, 71.96304506417228, 83.19427612055085, 91.84054513217919, 101.39719280566061, 108.5024121200598, 116.33266314356919, 132.4156443652622, 144.49737775807532, 154.40723124139402, 162.42806751852592, 168.83356963040976, 174.36638794837245, 178.8787970306083, 182.83919132322492, 186.119422359659, 189.01505565433484, 191.42283160448088, 193.5665828272071, 195.3546523426453, 196.94870274203697, 198.3190846133818, 199.45967125354522, 200.47139284816166, 201.30794382625666, 202.04316963110125, 202.64542357282917, 203.16411553560962
NGC0300, 41.91609096979983, 49.64606683392935, 55.67834536325159, 60.39717989534361, 64.28644492646451, 67.55192452273361, 70.38777009157253, 72.76892927235404, 74.8754394401706, 76.67027628494091, 78.27683686490093, 79.65882971589552, 80.9055108951268, 81.98475037447679, 82.94325117049921, 83.79599253939467, 84.57152333138858, 85.2470561561036, 85.84961438182643, 86.39836309791954, 86.85631279352928, 87.32013680691702, 87.72074966958964, 88.01093207482468, 88.32875342352735
NGC0801, 63.10640900183645, 72.58100383384905, 81.02786539738825, 94.89378276193546, 106.9121933926383, 173.4957794964906, 210.7336957612106, 235.38844793331825, 253.38607969070532, 266.8247916484583, 277.0742168978377, 285.02800592672975, 291.185004918032
NGC0891, 61.34751243368532, 95.80335187218763, 112.00137510972492, 125.70465942735684, 137.55250522622393, 148.0156714772798, 157.3920994599785, 165.88529020267808, 173.48212259763224, 180.6250780099603, 187.08887005058338, 193.28842499352913, 199.05958669357358, 204.44961491162692, 209.49801076478383, 214.18930066693054, 218.65275239479186, 222.42484936002464
NGC1003, 42.906434483414166, 54.475267159225275, 63.34236766273011, 70.75148475519191, 77.0697488457815, 82.57436224560448, 87.44179456943952, 91.74341562780772, 95.67104993728951, 99.23553938509092, 102.52574706061418, 105.40122904564664, 108.27780558802301, 110.63063166287397, 113.09478431322636, 115.3743054632094, 117.25312147176072, 119.23413407195513, 120.87296132014406, 122.60664658354276, 124.06328763457273, 125.58801054299951, 127.01569154495743, 128.20456760576138, 129.46976079219297, 130.52526846200286, 131.65041021409118, 132.70895209891867, 133.59403075959344, 134.53940983557055, 135.33077295640032, 136.17692075794764, 136.8948474384607, 137.653008688342, 138.3689419397475, 138.96943080450822
NGC1090, 32.16586274335364, 55.34891007885704, 66.90540138197409, 97.35792474392136, 111.06321211227835, 122.92080678203156, 132.77502446619278, 137.86352423282565, 143.88884645384013, 147.76264088926362, 156.24770964327865, 160.55579215195831, 164.12513791283482, 167.05900402833774, 169.6880789128951, 172.29435241569269, 174.45425749157857, 176.41802943338843, 178.3455835079861, 179.96379342616325, 181.440905476428, 182.89566081299824, 184.12020701895366, 185.24011930254474
NGC1705, 14.714652900227152, 25.157341685488344, 32.201962673854354, 37.578307481759055, 42.151020202471926, 46.07768164878164, 49.45124851333243, 52.52791875044752, 55.23930353869028, 57.70603750307161, 59.96470040523441, 62.08910843110835, 64.04986287228087, 65.82766219892
NGC2366, 15.839355970088835, 27.110815936781023, 34.320544554552924, 40.241198654015705, 45.17569858482142, 49.43160659951986, 53.03413980923668, 56.53578007189535, 59.44722496708188, 62.22156785197339, 64.66481223723865, 67.11426649794097, 69.20182265758517, 71.23062590432389, 73.04702360989887, 74.8941722140276, 76.48788016858799, 78.05299767104736, 79.5269229180592, 80.91741597306638, 82.17798922923733, 83.42407626627676, 84.60467858007654, 85.7245844095216, 86.74484953944395, 87.75793475597938
NGC2403, 29.411840957843236, 37.323132205972136, 43.72039274142337, 49.20000667068709, 54.043764619145385, 58.41180472368836, 62.40568057691395, 66.09470572401764, 69.52876111428533, 72.74520989082791, 75.77293116398049, 78.91263036417614, 81.34939946665405, 84.18343728698271, 86.63537953059284, 88.9798215632312, 91.22587010718671, 93.38140367825584, 95.45329620478334, 97.64296335917159, 99.5580535161953, 101.40610367755927, 103.0155251862343, 104.7474725050509, 106.42350256636033, 108.20630107695406, 109.77482279294902, 111.29632074967424, 112.77318293231257, 114.20760781404351, 115.73887796948344, 117.09061161306734, 118.40572734466878, 119.68583514953347, 120.93243596217188, 122.14693186911876, 123.33063510024596, 124.59860923942973, 125.61050999138756, 130.65109896940834, 135.3400446750618, 139.5436949958841, 143.25995708802864, 146.6957424663706, 149.8171117854303, 152.60757235262534, 155.21227361889166, 157.59853895866928, 159.74731708581587, 161.76578699617474, 163.62539393831483, 165.30812986878644, 166.89561622091955, 168.36372891152703, 169.69657746068947, 170.957565164741, 172.126611527628, 173.21104500781473, 174.19804971780675, 175.13375755617923, 176.0026456111452, 176.7940299973321, 177.54457500018682, 178.24157036187935, 178.87623211854347, 179.47778939853683, 180.0359038822313, 180.54345328926055, 181.02373176710228, 181.468401094144, 181.8717794425431, 182.25235988584097, 182.60349394233296
NGC2683, 108.43615229928459, 145.53821376406947, 169.90264002556577, 187.47492177653876, 200.8771968899635, 211.3311822801407, 219.70560710707926, 226.46044891513918, 236.54873215901088, 240.32379176423535, 243.44558276373607
NGC2841, 91.80654482046835, 95.89449369319588, 100.12480176303302, 103.92641866661113, 107.4559820603763, 110.84327552744081, 114.29484887954256, 117.614156385501, 120.6327794307536, 123.72590316334218, 126.71572890256878, 129.36525044869003, 132.01902783516235, 134.67499952636626, 137.40602445503748, 140.0586373657927, 142.42531001023923, 144.80233266186204, 147.2548658998167, 149.4478613053218, 151.65483563011193, 153.74831624999715, 155.7960792809512, 157.8601528211223, 163.9056129599424, 174.7355789169041, 184.47392675361422, 193.39048769120697, 201.52889986170834, 208.45291116057328, 215.2918609108411, 221.62917899389507, 227.4937951289766, 232.53513465241966, 237.63058354456868, 242.38451537168177, 246.80883989090563, 250.68398216818662, 254.61039304528904, 258.3003627537779, 261.7569487508102, 264.80175719143375, 267.9028706383604, 270.81794674382166, 273.5873148986309, 276.0243838498124, 278.503957708627, 280.8654182193391, 283.10494630744665, 285.2203352639105
NGC2903, 23.579565277842082, 33.27490908131221, 40.665989532565284, 46.856763246943565, 52.275907694156416, 57.14381061278951, 61.591711182708195, 65.7053283747826, 69.54434973535922, 73.15234155815203, 76.56227539807267, 79.79983164026699, 88.66476086307564, 96.52918356588258, 103.62665678810964, 110.11057386253275, 116.08833401822936, 121.63875632526809, 126.82181256021633, 131.68445846989326, 136.2643227254729, 140.59214513178335, 144.69344739416363, 148.58971320326765, 152.29924351891268, 155.83779038675016, 159.2190358236321, 162.45495986110575, 165.55612770678135, 168.53191683964405, 171.3906987914878, 174.13998625656743, 176.78655333038137, 179.3365346794574
NGC2915, 26.447968174293464, 36.45613574399936, 43.75286302745962, 49.74960224699262, 54.74034327064506, 58.89222952780759, 62.52204110910605, 65.73507668716078, 68.68842273608324, 71.33916900844943, 73.66631592959482, 75.84626531651814, 77.7780814145128, 79.5506447792133, 81.22946591823734, 82.73139351199141, 84.161241990882, 85.48372476576318, 86.67453702123434, 87.78236442706383, 88.81450154773866, 89.80554513203998, 90.72930545785553, 91.56679844929916, 92.37360523524022, 93.10642350601685, 93.7934208641103, 94.45679402235713, 95.06058413573734, 95.6442791626084
NGC2955, 62.44357944936017, 89.05740848870036, 107.6873879752137, 123.29582250821801, 137.24990913212497, 149.10216104352887, 159.63913509926678, 169.37341332396926, 178.66138019687932, 186.81775608275902, 194.5182658149325, 198.74559138134936, 201.9974799072019, 215.8375767931175, 221.65691682346815, 227.9039894115974, 239.9745193848734, 256.07910894073757, 269.42420933840975, 281.4506798418017, 291.67009770126924, 301.06507962734514, 309.1233274023027, 323.0712377570959
NGC2976, 12.363025891866746, 15.349597618128506, 18.21087598666498, 20.666173334129603, 22.846850569043916, 24.825467392446228, 26.647151372784915, 28.342252581872778, 29.932353279832626, 31.43345730505913, 32.857825954837715, 34.215102648342615, 35.51303676666549, 36.7579686179642, 37.95516538276636, 38.946720142287575, 40.06652485069446, 41.30151431973641, 42.198854964020484, 43.216760578795466, 44.205535939077166, 45.16713472195438, 46.10329680140441, 47.52670844128151, 49.861413645403594, 51.832531522543455, 53.70559477521266
NGC2998, 36.1812186520259, 62.34620356298263, 87.49910657166, 100.52589255107235, 116.99437476408524, 164.2862536872872, 203.62262491073432, 232.8166544092652, 255.53996996170702, 273.8668676994545, 288.71177241128333, 301.43483702537895, 312.2278680249034
NGC3109, 35.64602519002385, 47.778163733758525, 55.407218046752746, 61.14308513404255, 65.46972903056852, 68.83308943160691, 71.50035760069659, 73.57086647480064, 75.32659401746099, 76.76203608350583, 77.94098184838238, 78.91163826881193, 79.68321614450257, 80.3457824324758, 80.88876012045274, 81.33096807999898, 81.67541603581554, 81.96187695364222, 82.18550012251676, 82.35503578895928, 82.47783395100353, 82.55762522654636, 82.6059199315293, 82.62331851521023, 82.61371491064114
NGC3198, 40.167115182338634, 56.411942642190425, 68.61681471603319, 78.69401205423198, 87.64509368639794, 95.32133478389089, 102.0347441780602, 108.55505238716836, 114.36856149351415, 119.7593374211224, 124.93832399124555, 129.49658534637805, 133.92666782732374, 138.2341430878205, 142.18384010520137, 146.04528470149327, 149.49440197373534, 152.8889174428923, 156.12831797634442, 159.31902901133478, 162.1878260268946, 165.02769538814366, 173.03927468597908, 180.29746972903254, 186.78264495048103, 192.61305151781556, 197.93176996456515, 207.05992695742196, 214.74885475456853, 221.34072446400685, 226.56788410904133, 231.3919133867651, 235.22040883045514, 238.80349068837938, 241.87393788967503, 244.35598996253546, 246.66868600101313, 248.54075524450832, 250.28479179063643, 251.7962036912906, 253.00260936249182, 254.1303558060927, 255.0238087238071
NGC3521, 48.13298539843904, 55.732547227731466, 61.95567168389817, 67.51631431884626, 72.56875129340293, 77.4767208690378, 81.7688638413966, 85.55126109098023, 89.54978094349589, 93.10823238632506, 96.48007964096634, 99.86908885617291, 102.9160720279478, 105.82786617354647, 108.6162772312603, 111.29146723236865, 113.86226259265254, 116.33639138118, 118.85825484571797, 121.15397370119825, 123.37158914169366, 125.51591724658013, 127.59130220241802, 129.60167972425398, 131.6634322768153, 133.55089811366025, 135.3833677131661, 137.1635796049944, 138.89405841810873, 140.57713795035423, 142.3099597323095, 143.90209255676663, 145.4529750773853, 147.05205470998138, 148.4378299697984, 150.86827348693973, 166.35629243948844, 178.51785588848992, 188.00986574141857, 195.32843096558437, 201.48142453498775
NGC3726, 99.56334933285967, 116.31147441697009, 128.51685922658757, 137.85212233285662, 145.2412095330771, 151.07653407097843, 155.91400299384006, 160.576476422696, 169.71645425116154, 173.9175004840744, 175.27435250256943, 176.2513489590306
NGC3741, 16.19537427074011, 22.7054266247658, 27.21078102098145, 30.813119305469222, 33.94283126317724, 36.507582100283386, 38.83837943645113, 40.808615779088015, 42.567897948363715, 44.150448160834145, 45.64175452200213, 46.93894162852336, 49.20987916652361, 51.167534727368825, 52.86619774145801, 54.26289652772185, 55.49733136425948, 56.56892657305203, 57.48443167098239, 58.30365149873014, 59.007557577902695
NGC3769, 65.27124070056638, 87.33252256827504, 101.30072623686232, 111.23382375697642, 118.65436293294205, 124.39337283867214, 129.09481317090794, 133.43100400035368, 137.15035985072166, 145.5011023459353, 145.8342677533689, 145.96587219921537
NGC3877, 65.16178130782761, 89.68038534913052, 106.99306432962489, 120.73303737937047, 131.64711765040866, 140.78460542437895, 148.57556412069889, 155.30671413871863, 161.18087471856413, 166.34780059419288, 170.9712043505052, 175.03610575001215, 178.70890812774294
NGC3893, 96.42001638531656, 131.65169252602908, 155.43329418194224, 173.38409191232697, 188.23867274463237, 201.72471361369742, 213.1435935999395, 222.3237265542931, 229.09870628701125, 234.2278879965074
NGC3917, 45.523571989997016, 63.060074546564984, 75.6922153928419, 85.91264730901443, 94.18361359839365, 101.23280653238498, 107.34849088399064, 112.72273704754765, 117.49156708446858, 121.75567567833198, 125.63401397045466, 129.0995377162094, 132.28166450837958, 135.05346728467015, 137.85577823258728, 140.1202467182363, 142.45587337715395
NGC3949, 135.06671276142535, 145.8119424226107, 151.16904761014396, 153.64850005458976, 154.61977973486603, 154.69980986803705, 154.16261138405665
NGC3953, 77.70210610451674, 94.1249912480974, 107.56393651373676, 119.05684595330895, 129.19884253672066, 138.1026709848048, 146.29463065317762, 153.72409208440797
NGC3972, 45.24751353074218, 62.698283291436894, 75.28136500877442, 85.47208128121314, 93.72683133102451, 100.76861539444347, 106.88330060726724, 112.26133788976904, 117.03759848745061, 121.3119297602536
NGC3992, 185.20420788679365, 215.68280326039846, 237.3927073805472, 253.89099456164507, 266.68314006401465, 276.8430785756684, 285.00395219257604, 291.81729538865574, 297.17605525422874
NGC4010, 79.2781269352276, 108.11180124447009, 127.89968457782237, 143.1815542643677, 155.0064254663894, 164.6616663098021, 172.69566030535498, 179.472606050767, 185.24856086815643, 190.21112391430364, 194.54796695953652, 198.27127613661676
NGC4013, 132.0574239076642, 138.87616788941244, 145.79112854360685, 152.32784281430796, 157.61460394569178, 163.21606916644788, 168.44536499276745, 172.84271552718948, 177.41538148794314, 181.8360420036283, 185.58295335616324, 189.19446367150377, 192.6297683373767, 196.4022518455062, 199.5004920177081, 202.41815893949237, 205.72182618652295, 208.37324043745514, 210.95091858297903, 213.801532374118, 216.15784799749642, 218.42072580204882, 220.56486177568834, 223.00771183400605, 224.97958203615931, 226.90608370472933, 228.76182389123483, 230.8254160358057, 232.54003223941578, 234.17085827978133, 236.03609753822403, 237.54723411473032, 239.02828591386853, 240.6797061382754, 242.0553885136101, 243.3854643273321
NGC4051, 52.5900482266875, 72.68144699247347, 86.7602857858028, 97.76840137217253, 106.77540735353975, 114.38769456576236, 120.79583866959183
NGC4068, 20.859954081251537, 35.659130087829936, 44.9851694404633, 52.133022220825474, 58.088320984427554, 62.986027954483056
NGC4085, 37.078164729944405, 51.8557890068965, 63.929466051275554, 72.68974457220682, 80.18533226362034, 86.76011270180544, 92.68776669658749
NGC4088, 78.22661311761358, 107.92569109569382, 128.62695170898874, 144.73201587080794, 157.84588919147492, 168.87721224192677, 178.12144564227683, 186.24792186795827, 193.29369065531193, 199.489041670752, 205.3262632609475, 211.35543331822763
NGC4100, 86.78065565305226, 98.8650573452623, 108.7588352649776, 117.285903243628, 124.76490201670987, 131.4077165770034, 137.36425109434558, 142.74546555031066, 147.69001009671726, 152.152977626232, 156.2920108951072, 159.9325386880575, 163.64981469114028, 166.68320363856387, 169.84235982988264, 172.46124798817138, 175.22823727977934, 177.4776856856928, 179.89235696791997, 181.86105119129905, 183.97982712796815, 185.959360708053, 187.8109327665076, 189.32721090575782
NGC4138, 118.17184955108773, 147.8115463646745, 162.69906591531924, 171.56711832459644, 176.5865635591932, 179.16516635966536, 180.5564875764173
NGC4157, 70.3183542804465, 97.7491177656233, 117.31600574717405, 132.8763162264289, 145.8178052708895, 156.9306597874064, 166.43094642083568, 174.94695941904746, 182.4740241882902, 189.21891791461292, 195.30033819541922, 200.81159577968356, 205.85514490232163, 210.43484321086447, 214.63159484659548, 218.48798752158748, 222.04015620128257
NGC4183, 62.663083412113835, 85.92952849551963, 102.17483868510294, 114.9296089677785, 124.95666576462231, 133.2687998115602, 140.28803111586393, 146.29545402332502, 151.48953444587514, 156.0164310932051, 160.0300341873403, 163.52646741735012, 166.65655968044553, 169.67183929855497, 171.93530493523727, 174.2585792210819, 176.32365768818215, 178.38473219602633, 179.983932877596, 181.42768992178864, 182.87289238505076, 184.13342197419803, 185.2536128067534
NGC4214, 52.680319810932524, 80.74017787992592, 93.61545928358332, 101.12985954537713, 105.684028059556, 108.5167590550068, 110.23823604312865, 111.31382665761954, 111.86320750978653, 112.08648793114712, 112.07265862213738, 111.88082766983986, 111.55910295574786, 111.15294996494195
NGC4217, 53.16091943719111, 72.86831401986457, 86.61048116516999, 97.38633794506866, 105.84742014287778, 112.85328650308948, 118.7627604064926, 123.81480396549928, 128.17809024626123, 131.97679383117062, 135.34111381025332, 138.26872908467934, 140.88671511158088, 143.10829980944135, 145.29443516901244, 147.01368557799586, 148.73917707822136, 150.29094629849266, 151.6724102916101
NGC4389, 48.11746439829116, 66.75392617555944, 81.59030332823154, 92.08592072192069, 100.8603960961392, 108.38449145090824
NGC4559, 85.71696112206426, 113.5077896878388, 131.38071293704837, 144.07800159746475, 153.67631418804504, 160.9242605379668, 166.60231714800358, 171.04736851203057, 174.81780015562705, 177.66554360388915, 180.0053170992352, 181.97290461544387, 183.45919632226128, 184.67009349094528, 185.6694288417171, 186.40106632418554, 186.96964777533822, 187.3890405917724, 187.6813722212886, 187.86504132369177, 187.9554491739115, 187.96556659608768, 187.90637807210413, 187.78723298149134, 187.61612583028753, 187.39992162315656, 187.10638609434505, 186.85509647784397, 186.48975269490583, 186.1416636060721, 185.77164196087514, 185.38259223414644
NGC5005, 27.230320393632887, 38.43807729105443, 46.98976173641619, 54.294937844895166, 60.56111318319051, 66.19716507703083, 71.35291157778599, 76.1263216597874, 80.5856632232549, 84.86393323510991, 91.38587286507087, 97.40090886184142, 102.93287863816994, 108.18349512248231, 113.1319975320109, 117.81730813890373, 122.27048862752683, 126.51681365482938
NGC5033, 57.4906913803689, 98.0273215419753, 124.62462437813036, 145.37934541186686, 162.40008168605513, 173.59181965254234, 192.64369541667395, 208.58632519429852, 222.60893554865763, 234.20553580596246, 244.41386546018003, 253.514131880031, 262.052523012639, 269.2835274027666, 275.84133150970496, 282.0851053990471, 287.4613452930278, 292.3435436032554, 297.0561560755825, 301.1459743373665, 304.88467939693976, 308.5149954843405
NGC5055, 49.616690063050996, 69.5025586693747, 84.89447365367847, 97.2765777350844, 108.14695780042288, 117.66786951531651, 126.50674376973458, 134.47010926622343, 141.7180570927356, 148.550092119358, 155.0193426552733, 160.92590582083557, 181.72405026241833, 198.50627049396238, 213.1092968863778, 225.62119266810765, 236.56022173557392, 246.18501489900746, 254.72073992817997, 262.3142024094211, 269.15229379746074, 275.3147959566372, 280.88930119521297, 285.93142911811157, 290.32307884126664, 294.5422359342858, 298.39853118516027, 301.9295989384306
NGC5371, 111.30876924483552, 155.86443096638712, 189.88297032152445, 217.98267610187503, 242.0950174470924, 263.486808904045, 300.54299878061414, 332.3782772814489, 358.90069965988965, 383.442001262921, 405.4358547078494, 425.3367790668627, 442.76484968962086, 459.4616528310146, 474.8481907880721, 488.5223927077953, 501.7849593600501, 514.1381748946994, 525.6754139114348
NGC5585, 20.217679534833707, 34.02087050380732, 43.32122137728526, 50.676566352669155, 56.85881516106936, 62.2288161458353, 66.99109880129157, 71.27546075131528, 75.38917451762815, 78.94189432656239, 86.61838270382968, 96.74258001367974, 104.62508492737514, 111.12745157251081, 116.43695562100271, 120.9635458324013, 124.75053687525063, 128.0393806599841, 130.8309346623109, 133.25000462994856, 135.38342012317963, 137.19116878648734, 138.92943460001297, 140.2631090026033
NGC5907, 88.27029376332578, 106.8219384699281, 121.8839772504775, 134.62414306280846, 145.77526022769726, 155.6278824472939, 164.51266678147945, 172.56638556849717, 179.8926768271657, 186.6502242248223, 192.88768004864872, 198.64657580799374, 204.0247737917812, 209.04185825059952, 213.7163844887375, 218.11668644927738, 222.23446696094356, 226.12578266607693, 229.7941222754836
NGC5985, 83.96312576919004, 91.47662717873462, 98.8037901579334, 105.79183376766777, 111.92822573869365, 117.81849319305994, 123.7071557915529, 129.0429199217995, 133.7096204432881, 138.52651907368036, 143.34808481347136, 147.5546131869792, 151.58902135014716, 155.9269653535225, 159.49335392812034, 163.5070607835815, 166.816982579446, 170.02079221179585, 173.64029101873527, 176.63557471329293, 180.02653658040944, 182.8771135700087, 186.0266284806056, 188.71145301901612, 191.28897713905036, 194.21839480060945, 196.65609525376533, 199.4300044967041, 201.7409655972526, 205.46211399493788, 214.22466099722502, 221.88977190128045, 229.23617263620426
NGC6015, 34.30804115564554, 47.818902470379086, 58.00933784071109, 66.19748465604384, 73.50036357018357, 79.96525766913194, 85.78742964183246, 90.94102122689787, 95.83623104216407, 100.23871998499357, 104.47326265676597, 108.43708635765653, 112.16221644443557, 115.67480425004412, 119.0944355386763, 122.51649942276363, 125.49058191382017, 128.32253436590358, 130.86360955057097, 144.78816029067588, 156.25019215855937, 160.1985757942226, 163.7884286318459, 166.9085656982752, 170.1361876751101, 173.08646348009168, 175.85305090193032, 178.04482371865, 180.4587134080176, 182.68092123832142, 184.77803824046256, 186.4483064121899, 188.29666833044286, 190.02566319290045, 191.6262944788407, 192.93843957196682, 194.35870949843854, 195.70756744357033, 196.9597224702678, 197.98854740831482, 199.10440706784593, 200.16619506284252, 201.01770669482403, 201.96577552258222
NGC6195, 75.80925218805164, 100.18842556895527, 119.09240958526873, 135.46767334170954, 149.8664091591347, 162.5724900150157, 174.3080686385305, 184.94218182489638, 195.25359175922785, 205.0939888302583, 213.83058503465, 222.11170794205844, 229.98840529980063, 237.5026642846302, 246.04760777111795, 252.19732248602122, 262.6381452564009, 270.0803864433941, 289.9671346693939, 308.30233638662605, 324.3845003899719, 339.40988496372336, 352.82616127787844
NGC6503, 45.368698368934794, 62.42687939741525, 74.46408426449378, 83.81929305166565, 91.34051837099041, 97.72118963064285, 103.15558027557276, 107.84626965920863, 111.93628669860529, 115.5310840025219, 118.71099464372588, 121.53879984918575, 124.03312429244329, 126.35717418567486, 128.33994167528346, 130.13266727079179, 131.7570547760626, 133.42026468680004, 134.74384235165198, 135.94889680983079, 137.0329699347022, 138.0359072357572, 139.0685976426103, 139.89398351828018, 140.64764070313797, 141.3357591544583, 141.96386811046142, 142.61038791883658, 143.12631898688872, 143.5901143327828, 144.01802004335892
NGC6674, 94.32750908576813, 155.99246571840666, 193.2626678921238, 219.06049960388853, 239.14567059886278, 254.9330600383721, 267.6909039028007, 278.1301652228374, 286.6366421780732, 293.9321080143719, 300.0703410545889, 305.2825963130359, 309.7076504953681, 313.4195547555727, 316.65317853244767
NGC6789, 15.11412389915837, 25.727361344232893, 32.95207859660343, 38.241037189219504
NGC6946, 23.29664043524168, 39.73179692433512, 51.131095121711816, 57.964810378153366, 65.74784886193108, 72.5327344267736, 78.73847559210084, 84.20447114753833, 88.03121749993258, 92.86578025810697, 97.23254941826146, 101.41696075451033, 104.3285824123109, 107.97716460459439, 111.51253028760674, 114.76983015734963, 117.86215432706592, 120.10176148021903, 123.01370608969765, 125.7185690015282, 128.3731140088525, 130.25458582303682, 132.6502544412009, 135.01014941803413, 137.21654964831163, 139.39475578588286, 140.9460395198741, 142.92989451881976, 144.84251314747704, 146.7368356014823, 148.08955468467076, 149.823733793923, 151.54457918198145, 153.16447640483725, 154.77382139838681, 155.92598362749354, 157.4065595502034, 158.87956975288242, 160.26957119312712, 161.6178391592399, 162.61150266117002, 163.92475796547768, 165.16590361376961, 166.40361754035195, 167.29252830578088, 168.4382047188759, 169.58175794121846, 170.66423196666892, 171.7172826164539, 172.52277994785035, 173.52598784435023, 174.50263995155217, 175.47902598615374, 176.18173731446979, 177.08923835368486, 177.99706690044883, 178.8582349132747, 179.72007485555903
NGC7331, 75.91889086782551, 83.11804129504947, 89.58607544139255, 95.58326449285838, 101.29615756926148, 106.67217714988156, 111.6683276136725, 116.4229790705018, 125.39756131614334, 133.67648948785035, 141.38333952720077, 148.41171454173477, 155.29608311930428, 161.87136953136238, 168.0610912906325, 174.01614360527915, 179.6568152974526, 184.62140966761973, 189.83209450057936, 194.8916783757529, 199.72304966428032, 204.4295491965748, 208.93684844928384, 212.9411750419041, 217.21801095715998, 221.32747787644178, 225.35344473506387, 229.22896696394753, 233.03217062532178, 236.36356922709797, 239.97593473042735, 243.46326222224897, 246.89462052803418, 250.21113657862153, 253.47805287574317, 256.3783332971279
NGC7793, 16.53161062974144, 18.63412317948184, 20.516154726931813, 22.776339040931603, 24.328060098777396, 26.24732243521368, 28.02759852597654, 29.286947591426944, 30.88009674216202, 32.018515663340374, 33.470567140700624, 34.515439055602464, 35.85603312521449, 36.82565889543997, 38.07521909678767, 38.982551580783344, 39.86626794681951, 41.010474458214816, 45.50304125809146, 49.73974730207689, 53.36434718335132, 56.88424213331852, 59.960705854454204, 62.99707438534551, 65.68509008116342, 68.36554989576878, 70.75882499619085, 73.16249805458389, 75.321798569513, 77.38350142063206, 79.46943971008754, 81.57226148891438, 83.37454569902998, 85.20760870982176, 86.87280053033122, 88.47818166430018, 90.11702380503196, 91.61081310740245, 93.13877198729395, 95.963660390299, 99.8415995125246, 103.45229618299726, 106.7043796393814, 109.70453792114279, 112.53332466425853, 115.10863439852727
NGC7814, 56.29209018848903, 91.86087693225257, 115.59670508187213, 135.1622080146222, 151.44814296709944, 165.35210341570362, 177.69540296725063, 188.61594538276978, 198.6434439540967, 207.90960796961193, 215.9504011505232, 223.30247168079214, 230.7846114645917, 237.07985987866797, 243.00861503793192, 248.99589409693507, 254.12176534533376, 258.98423071320144
PGC51017, 25.594963019695438, 41.87668119391014, 51.27843470219614, 57.75235578647621, 62.523981683735904, 66.17562247852747
UGC00128, 91.7704006646222, 137.73627830248657, 157.68776068795265, 168.24001918874137, 174.09591833991584, 177.3790019330369, 179.1003748840631, 179.8394221104707, 179.9191329230759, 179.55200053253733, 178.8892413911348, 178.0230729660957, 177.02136880013512, 175.92067163857394, 174.7567745196787, 173.50388229314925, 172.27609776991503, 171.03796703661249, 169.8035043300461, 168.56941678203754, 167.34561677788668, 166.1357203109521
UGC00191, 33.790994447308286, 39.587489020840074, 44.42958549162534, 48.6136214077373, 52.30666867684504, 60.601309174165024, 80.53720500635652, 90.76690723391046, 97.36399613853209
UGC00634, 94.67389502518267, 102.71157455147234, 103.26235588894761, 101.81603230532693
UGC00731, 50.12985096020218, 63.38232238038432, 70.62498218091126, 74.88335998078102, 77.5403570095359, 79.2048230415257, 80.25557145234104, 80.88131428906414, 81.20014565783107, 81.30660987979364, 81.26129765203562, 81.10326462188894
UGC00891, 55.18097460559201, 71.64917118893845, 81.16612653519904, 87.37866826349425, 91.51663906911766
UGC01230, 36.161062470469815, 60.35181193530954, 75.01946994761143, 85.71939296111682, 93.89831234599079, 100.54739394896754, 114.2929237514666, 117.59169095500029, 130.91658163509834, 134.41870709088542, 136.0084587907676
UGC01281, 10.378968188022638, 17.473438253327764, 22.301881454165137, 26.388208018202274, 29.62326414430997, 32.46172234277815, 35.16312833262471, 37.45558171947544, 39.55906316218112, 41.62874200676033, 43.43000165657298, 45.11473145639833, 46.79907492136679, 48.28445883692747, 49.68873548980926, 51.10603090870428, 52.36618053109292, 53.565783722123996, 54.18253923972183, 56.43495110669525, 58.99547352901034, 61.18594398086426, 63.33180722782436, 65.23258362439239, 66.88380556661956
UGC02023, 42.82293226030842, 58.297674815483724, 69.11381857368583, 77.32159656332786, 83.77382161697861
UGC02259, 35.18291372453778, 48.34999430134436, 57.52613750864487, 64.70839646419864, 70.52982837582557, 75.38053798248048, 79.49814575067526, 83.0083354817118
UGC02455, 54.069933510430246, 73.93733254972364, 87.92506101341546, 98.36751538009135, 106.87269513907663, 113.71975307395542, 119.46023235261376, 124.4283093341167
UGC02487, 92.10619516592853, 92.64330622359554, 93.97087634327642, 112.54505458093924, 128.9246446212534, 143.0414289289011, 155.47918099816818, 166.67244915756834, 176.82941942008074, 186.15047899161704, 194.7823173572241, 202.7899886199646, 210.26912063133486, 217.2957058760316, 223.89297584791, 230.1178075080782, 236.01740096088807
UGC02885, 130.12736923645937, 181.81287551458408, 250.43685177060215, 337.194052952199, 386.7875579506778, 412.7775137078018, 434.84825736789145, 454.24206329951676, 470.6047343140977, 484.8720986159139, 497.456866134814, 508.5849929552524, 518.7076688068771, 527.4692372765911, 535.3240836177298, 542.3645204626807, 548.6726999501919, 554.5026666125635, 559.6162394295
UGC02916, 36.7000489405633, 51.63049560288007, 62.90610991127442, 72.26352065730168, 80.17331818057353, 87.41881397626216, 94.31489508501454, 100.1422369766283, 103.34028313969793, 105.68834694964649, 110.85469276671841, 115.69461036737333, 120.24980466947234, 124.55365471164335, 128.6333966408979, 132.51161850801188, 136.20731527899912, 139.64332809720577, 140.20161313841047, 143.02416356124297, 146.35002524680962, 149.37434533256348, 152.44281939475766, 155.31668413808907, 158.08564627578255, 160.75631480346286, 163.33464739750374, 165.16097591026607, 165.8260383590003, 168.23539168971905, 170.8147976485451, 172.7052503094749, 175.13051816889467, 183.60115341401033, 185.17507784719197, 198.20460326239285, 209.94047073648912, 219.28332649922075, 227.3445085578557, 234.08992657392764, 239.79970863466684, 244.66313741496253, 248.70455685981594
UGC02953, 14.775947468439854, 20.29559089192903, 25.082753653233027, 28.6662969915629, 32.21648555794533, 35.06493696288704, 38.00807656444057, 40.73215303243931, 43.003410120923455, 45.417142496756064, 47.70299984178377, 49.641841193292954, 51.50345256339894, 53.51548980805735, 55.44954963760604, 57.31354286596624, 58.91699903995374, 60.66595924936856, 62.175592267531236, 63.82721078272795, 65.25671891600534, 66.82452493734951, 68.35240884257394, 69.84300353331926, 71.13857848926173, 72.40804177704443, 73.80666342639394, 75.02500679866465, 76.36911922293983, 77.68656133041857, 78.97867884290577, 80.1069675754401, 81.2170239774826, 82.44496974729819, 83.51869360206373, 84.70745988064101, 85.87674628298895, 87.02734775293227, 88.03501879658194, 89.02900076666886, 98.08703840554527, 98.95840353676664, 99.92725587977624, 100.88434565781209, 104.29835353671922, 108.73267271211837, 109.40134298838836, 110.25316996831367, 111.09631388912548, 111.83864999833288, 112.66594011567895, 113.48511232843596, 115.63124029057242, 117.20572388136766, 117.98212586202831, 118.75149902677319, 119.51398527264818, 120.18608013093034, 120.85293505983911, 121.59699604452747, 122.33466451112922, 122.98510101130404, 123.71102123869254, 124.43088761738298, 125.61750961040504, 127.09762342760828, 127.7133669349442, 131.61315243744508, 132.27082194092165, 132.8513082800338, 133.49980298797675, 134.1435496436705, 134.57011241805932, 142.63047912544423, 150.13750626987002, 157.11358793973082, 163.47692313543948, 169.40991520981177, 175.00838176034333, 180.22180068052901, 185.13263489104943, 189.77012405029114, 194.15921022935794, 198.35517140544044, 202.30745688310822, 206.06801452310384, 209.6512733571164, 213.07004394497287, 216.36236451268084, 219.48414641531338, 222.4724649054351, 225.33568757185793, 227.83442937536128, 230.501056486725, 233.04046826984944, 235.48101814184594, 237.82809796797258, 240.08668050981106, 242.27914509585725, 244.37354063007288, 246.39228274603414, 248.33904890318732, 250.2172667678302, 252.044977989946, 253.79498556675526, 255.4854645133563, 257.11904331020355, 258.6981910422358, 260.23774275477206, 261.71445316294523, 263.14332103745267, 264.52629214194525, 267.1724314062751, 269.64451413978213, 271.9660505725673
UGC03205, 37.380699351213245, 52.22387530498529, 63.944227833605474, 82.21251455406828, 89.30305548791145, 119.30756911314583, 124.28812991056616, 128.85218131464657, 133.36472320866545, 137.67537244312237, 141.8033664515283, 145.62622404005972, 149.3069698232508, 152.9855906012792, 156.40916284375487, 159.84037324053543, 163.15844776933497, 166.37076937130868, 169.37439606651935, 172.39759128219163, 175.3327559222913, 176.15590003264919, 178.08429417954218, 183.56161154106124, 186.0990799506113, 188.57357194321634, 191.07624189825594, 193.51719727356513, 198.3067375061257, 216.3495280562278, 231.74001310165798, 232.310496824395, 235.2180557710593, 236.8518943401218, 237.9772459626408, 239.61161735871846, 241.16357258009012, 242.23301332330809, 243.78688362889898, 244.2819383940053, 255.58646951448773, 265.0938862123971, 273.77832187372337, 281.4520651633996, 288.03377953757996, 294.1429830696041, 304.3423692378284, 310.8677985371447
UGC03546, 48.226811375399556, 53.853631930518745, 58.89129372918832, 63.48092506722845, 67.71434330185987, 71.65531906372698, 75.35031955086434, 81.93376561927838, 85.08223863239012, 88.08568737343366, 90.95890983557213, 97.80813678132525, 98.9120600075449, 101.37121697736558, 116.89569764046993, 132.02384048559185, 144.55027085851995, 155.05625683343484, 164.03857618506171, 172.03818601069284, 178.88338781081106, 184.9694914936171, 190.78891446292062, 195.6472857658135, 200.00509482945782, 203.98585059946575, 207.85668265586676, 212.54571911518875, 216.85560640635546, 223.96628085376634
UGC03580, 7.641826523726519, 11.038123582935839, 13.407290874804941, 15.57802241610852, 17.323765409285087, 19.03980835207513, 20.481213740029514, 21.94012455402232, 23.191971083306395, 24.375072778889564, 25.59853906656023, 26.666488599497317, 27.78026562196444, 28.846596738048056, 29.702673108106325, 30.694646931372862, 31.573049611131346, 32.50050985859604, 33.39845465483558, 34.197646140618055, 34.97558575327441, 35.80165315061203, 36.53951207718886, 37.32466418974724, 38.02732598681824, 38.77634283421382, 39.44775627846439, 40.105409247548835, 47.125706142965626, 47.93409197942602, 53.73901682499279, 59.306503836861516, 62.76310493945621, 63.138650996338896, 63.51048467923258, 64.15247650331743, 64.21305074459764, 68.44413991153885, 72.38966589394298, 75.88585142978951, 79.07220938826299, 81.99349031755598, 84.68488745681462, 87.17470503656435, 89.32333468542193, 93.50605591174805, 97.16711147444089
UGC04278, 15.446017734101387, 26.46128679268608, 33.56463120293127, 39.37439220099405, 44.230335613843195, 48.28902260271941, 52.01459507327954, 55.23988365510794, 58.27496509846929, 61.04697417523951, 63.5955936606087, 65.95150373893047, 68.06358340851247, 70.10748525864062, 71.95234316923869, 73.74813391238543, 75.43589521633074, 77.02560264318707, 78.52587446735338, 79.89489749646322, 81.24048904687147, 82.06835942681998, 84.22828896245527, 84.83905162941502, 85.55086616280497
UGC04305, 15.504037610463456, 21.761555693021776, 26.45447458156767, 30.32248693204848, 33.77942431343822, 36.60147282287048, 39.35283437195478, 41.757984859431886, 43.96904602207434, 46.016111785407176, 47.92213780934789, 49.70513680103913, 51.444465061570924, 52.9572746254944, 54.44808739815653, 55.915260127263316, 57.20099309673632, 58.52597849587426, 59.73879740392901, 60.89629600726584, 62.00254950405867, 63.061177363447996
UGC04325, 53.53686634099405, 72.81799670018381, 85.78201901797888, 95.67699920602944, 103.46584220079502, 109.77506509710939, 114.98532923372831, 119.34832782239143
UGC04483, 12.058222334247983, 20.4824706428593, 25.945685954277362, 30.36994630183314, 33.75550189881023, 36.62198578322516, 39.100595661019796, 41.27555151713913
UGC04499, 35.79247700691054, 48.96178652738529, 58.08722944679604, 64.9899307754025, 70.6369794415823, 75.18251734902402, 79.07942586809226, 82.35328864304114, 85.13678509088324
UGC05005, 104.80398091233836, 140.6235774597793, 150.0282677563704, 152.29082932007225, 151.8972275172388, 150.37497002608256, 148.34359264692824, 137.25006164267873, 133.2650378736813, 131.2802742857363, 124.90792272080486
UGC05253, 17.903770680262326, 24.815164586864366, 30.57698462400843, 35.403307257404016, 39.32818060187183, 43.171449327897065, 46.691870858733225, 49.714411279512085, 52.78746904826137, 55.68487662304371, 58.22622678699083, 60.854176164851616, 63.367722378545686, 65.5977747276649, 67.92617560460144, 70.17242038227624, 72.34417567741302, 74.28842298428778, 76.334497523989, 78.32276062732058, 80.11050363603209, 81.99925317189204, 83.84140661100618, 85.50311399758323, 87.26386765501297, 88.98599589480379, 90.5432856972976, 92.19717045385357, 93.81833599250496, 95.28720906141065, 96.850046216654, 98.38468586338305, 99.77738255401061, 101.26138829585283, 102.72075037630897, 104.04688544403449, 105.4617286486245, 106.85478225415429, 108.12207384155636, 108.64499653938583, 109.47556521403118, 110.80960079274944, 113.32291639346774, 114.60395684346061, 115.771416917413, 117.02039508439977, 122.94673647567426, 124.01953331446471, 124.64007622892365, 125.16894379606589, 126.30541702875956, 127.34329192294672, 128.45586367468746, 129.5564852088678, 138.3535119658449, 150.6360340675561, 161.24886662656712, 171.70041102576823, 180.69904263977156, 189.05099257575787, 197.30708062970174, 204.58616572799315, 211.43746119162526, 218.29208770271012, 230.5738709875647, 241.2750415833853, 251.37468462887443, 260.5804405296094, 268.7978238161714, 276.62212236329935, 283.8880797785793, 290.4036967422863, 296.70270619511285
UGC05414, 29.60362575137981, 40.5111771492243, 47.883209966463085, 53.54664729415444, 57.97476492242375, 61.642518627683636
UGC05716, 82.99409994547413, 89.63549381315487, 89.84572601192329, 88.40566325085238, 86.50254182201991, 84.48576975063494, 82.53232946329886, 80.67283168013441, 78.9390266008177, 77.25155205618628, 75.67494429798711, 74.32239420209332
UGC05721, 11.381345615293915, 19.569606669992623, 25.08221171971957, 29.465923605324093, 33.175137508005406, 36.41982694089475, 39.31807988412453, 41.94438232718825, 44.349434808496696, 46.56967983373193, 48.632407286089105, 50.5587170525689, 52.36534677742448, 56.18717425216159, 60.00516719617438, 63.22657693579819, 65.92187944776823, 68.46859368647554, 70.72746507011132, 72.83367243150336, 74.88260218341547, 76.52829674347166, 78.19131568876558
UGC05750, 20.377466849416596, 43.00502656759291, 54.79316003130738, 61.87216437232364, 67.13887114251652, 71.625284305004, 80.4587453934966, 85.41219942311753, 90.51453139326425, 95.7378397599497, 111.35605232611705
UGC05764, 19.44743183690646, 27.066868975712335, 32.36780969257377, 36.55743829047081, 40.01984648660707, 42.95847512779821, 45.563194868086164, 47.77755239741462, 49.73515383558293, 51.47907569595453
UGC05829, 96.42796425650634, 112.27092040799347, 117.7227131238104, 119.52384126418568, 119.61772671544404, 118.90189845631188, 117.76889771149803, 116.42550250048845, 115.00719441257705, 113.50739579706206, 112.05567336923252
UGC05918, 21.539810162321746, 29.697109643167074, 35.67882638242725, 40.40656293992313, 44.318235161886584, 47.58848087866567, 50.47410575711434, 53.00420873593891
UGC05986, 26.973109283726302, 37.6772293187463, 45.475560300251146, 51.92103722127347, 57.31258437038099, 62.164099737516466, 66.33289425739898, 70.14112581812688, 73.59402949944155, 76.74793528244814, 79.60169293593756, 82.32166872046349, 84.76451114405818, 87.07519843176092, 89.19830385969018
UGC05999, 76.39466637335738, 99.10573104810216, 112.48601417739776, 121.1796142177054, 125.41478935630339
UGC06399, 27.8270697243237, 38.65103110840597, 46.51291072775125, 52.92535063694945, 58.155458037441626, 62.646637778582125, 66.57175981607568, 70.04586824763109, 73.15039381356259
UGC06446, 28.886345279926495, 39.96354890335176, 47.912031790001315, 54.28649865138269, 59.45774484350818, 63.849244895923896, 67.64595492522949, 70.97110446698613, 73.91194012829448, 76.53301812807688, 78.92212836622389, 81.03755846624546, 83.14078915696292, 85.09017821304921, 86.74483025725687, 88.24938659518769, 89.78912335715515
UGC06614, 131.18003875325198, 184.263492804843, 190.84085513404992, 194.38640156152928, 197.4888320248174, 200.50823934076845, 205.58063374243062, 216.1092975296389, 216.79282881652065, 218.49250503071744, 218.44718560803744, 216.73791372931314, 211.50137288806704
UGC06628, 52.71169194161412, 71.32207051147441, 83.78390760802196, 92.92794256754263, 100.15390714622195, 105.82063568240599, 110.48251246663375
UGC06667, 19.425581404985106, 27.22455419524042, 33.0465639378162, 37.92445421148072, 42.00874188469889, 45.60609119040435, 48.829198111094264, 51.75245563616972, 54.428180935832216
UGC06786, 16.571980514204704, 23.386071290100336, 28.87306722592899, 33.18371872908061, 46.52686406028981, 49.20345087340079, 51.72092661347081, 76.29009666688587, 77.84702422074407, 79.27247149153143, 80.74708981060752, 81.08833372828518, 82.09945787101908, 83.41921535358942, 84.78754716982743, 85.9672854878448, 87.19847226658969, 88.40282479488557, 89.654362568943, 90.8069936081837, 92.0059517497484, 93.11117405162845, 94.19478753794921, 95.1917811990911, 97.32393833064852, 98.32884144030696, 99.37687426767313, 101.11991746719353, 101.29711796498502, 108.9337041113815, 118.89805103753146, 124.24039869311619, 124.65761127812588, 125.5186499044299, 127.16042456362902, 134.30217345489694, 140.46442916113648, 145.83629216228397, 150.32946844215002, 154.53059257034113, 158.2653636968198, 161.60044332171083, 164.58983554236684, 167.2779205704359, 169.57275225527522
UGC06787, 31.99657520609466, 45.01368545257243, 54.100690892884394, 62.36984989303029, 69.5223644201769, 75.87802318330885, 81.62618659283171, 86.46778210047889, 91.36412729071958, 95.92037324082521, 100.18509138791076, 104.19609576345698, 107.67583134281776, 111.57196705045584, 117.9648013621777, 121.07733548068111, 124.05409039658048, 126.67283039019661, 144.22690934065923, 155.5014699809462, 157.1214353124599, 160.5091767432777, 161.99845969022473, 163.58022902329665, 165.1190673075489, 166.61674710469987, 167.9548858852259, 172.99876573351142, 175.8697381955261, 177.19632302478834, 178.29192102148505, 179.45996328260762, 180.60059852451562, 181.71473682358697, 183.24942267205705, 185.839222723304, 188.68272316613607, 189.69322975529968, 190.52989020264116, 191.42394844494513, 191.49759121332397, 192.29907502846117, 193.1558054866661, 193.9254208745312, 198.49469952681446, 202.66537052231317, 203.26025142828334, 204.36697057340407, 209.2471307984528, 213.5649901058809, 217.11877594873678, 220.15067796159386, 222.79543368749512, 225.06099915431528, 227.238984825745, 228.91083940536996, 230.37118120114948, 231.6195378323901, 232.69500864350363, 233.62631483375029, 234.4979711728322, 235.1511524212911, 235.69891786660634, 236.15654937513153, 236.52498581992333, 236.82034869187842, 237.14205650335703, 237.3246918089252, 237.3865416231564, 237.35148152215046, 237.02664160661905
UGC06818, 38.016242648618935, 51.90972719576148, 61.48290400397413, 68.90451948976947, 74.66841019436977, 79.39130631861225, 83.33466639007189, 86.67227565289699
UGC06917, 43.42267620294153, 52.15565416741722, 59.236112999165094, 64.97763736056682, 69.88054744393172, 74.14224028803378, 77.89420760834041, 81.22956353537916, 84.21724478909378, 86.93944832857846, 89.37615930990864
UGC06923, 51.46276852220458, 71.45164610721392, 83.95476007757539, 92.73618191447224, 99.07829502780938, 104.04448306406772
UGC06930, 105.5089403482566, 122.07308939327221, 127.4008142222711, 128.85535081279366, 128.62987728612572, 127.59922569504228, 126.20169446107306, 124.59463216252321, 122.92130231805969, 122.01836124529639
UGC06973, 93.44981341843784, 111.51787025606305, 125.86872351480179, 137.27676453725743, 147.63790867579877, 156.4471105953478, 160.7391469781658, 164.61575569583079, 168.19836197728523
UGC06983, 61.35399388207214, 72.93288681451672, 82.0157193064018, 89.14994665893506, 95.05913216498158, 100.04517012791551, 104.30911979971341, 107.99291140244465, 111.20104243729439, 114.04321127510146, 116.51723087250294, 118.73029679249909, 120.60886835160133, 122.45807946212177, 123.91285534317228, 125.37342002969815, 126.53986714509755
UGC07089, 37.716046173988964, 51.95343171244663, 62.03395568173252, 70.05525700406132, 76.44296182284893, 81.80383093449562, 86.3854828396379, 88.46060656199222, 90.35301935280016, 93.8232686997636, 96.88253795182528, 98.29483353820322
UGC07125, 53.5266639371025, 70.93497022336904, 81.9016723387949, 89.41683536465864, 94.95379952249803, 99.12257335997445, 102.32191939235874, 104.73142735597396, 106.80156153994919, 108.30126525470634, 109.48263017055943, 110.40913316914799, 111.12924335798567
UGC07151, 20.98936489318676, 29.29666244862387, 35.42160357655122, 40.386756687169786, 44.51698661673836, 48.25748130339446, 51.43902864921439, 54.408011191178794, 56.989448941207776, 59.4850157580859, 61.63990927002712
UGC07232, 14.842553234899892, 20.48553237491602, 24.87343032597971, 28.267120917734335
UGC07261, 40.11601745886967, 54.35237292801311, 64.01123965165495, 71.1002257718702, 76.62438105872499, 81.09631628040543, 84.71085524009395
UGC07323, 40.587972096490596, 56.116527793530636, 66.90113016218139, 75.31496130232549, 82.18371545731698, 88.03661655832366, 92.86696826239715, 97.12706705959847, 100.85161170004406, 104.18685419038982
UGC07399, 28.02363507673748, 38.77385272160899, 46.60091265163374, 52.67541123010049, 57.77464106264851, 62.03130648996781, 65.76957578346203, 68.98893879827348, 71.83772448317775, 74.37795749876575
UGC07524, 27.98661334953363, 38.84043981872673, 46.91383437961288, 53.67579525370959, 59.26242124524294, 64.28504287426951, 68.62043153733292, 72.63612299960734, 76.1788427474183, 79.51541451537149, 82.49813600599377, 85.33756432347373, 87.89859790242281, 90.28717123019284, 92.58492732111371, 94.67620571011221, 96.69788348813958, 98.54591783386923, 100.339381657593, 101.98451756995527, 103.6305509963352, 105.05939303487169, 106.53737707351948, 107.82339057920754, 109.15652560319872, 110.35320187532116, 111.46048718967569, 112.61139868770698, 113.6173106734884, 114.66439707274874, 115.60797178859958
UGC07559, 18.790894825374725, 26.12272805475767, 31.462333453942033, 35.84736889598085, 39.32326778781897, 42.48634579598015, 45.17714112053136
UGC07577, 32.8832770932076, 44.21062125615799, 51.64409092162972, 56.7917691622737, 60.95892336643317, 64.22525348690374, 66.83733308187067, 68.95593345532707, 70.60870875831544
UGC07603, 45.35052389170176, 60.60202256496246, 70.4172776787908, 77.58770792617356, 82.78391480282039, 86.79514350415967, 89.95233624301216, 92.53685256529876, 94.55179522725675, 96.18413423532243, 97.5109802315854, 98.61903567473671
UGC07608, 26.902659175776066, 37.04837242783372, 44.44568369148686, 50.18021195936348, 55.06535945230879, 59.12766820258922, 62.57604599529957, 65.64294976214094
UGC07690, 96.54775239768942, 104.12362264093458, 104.31767992623412, 102.61902368481331, 100.38034666668288, 98.03893807986981, 95.7528903591984
UGC07866, 25.83539916715214, 35.645430558642964, 42.8101399401225, 48.2428780023655, 52.82527410357043, 56.566645856467304, 59.689059165639044
UGC08286, 36.15752434701531, 48.38571452485964, 55.999911001127835, 61.48787312032858, 65.47252623782774, 68.52593076425221, 70.8660595448619, 72.7988301112022, 74.30585769739797, 75.53839742956153, 76.50705860229807, 77.28606561987758, 77.92225130971275, 78.41684240320843, 78.81340177016575, 79.11290227252087, 79.33854252634919
UGC08490, 38.1351935181263, 51.42224486936707, 60.223379362940896, 66.66708897632601, 71.48972715104088, 75.4336656953582, 78.61448496866986, 81.1466700559272, 83.36640236911111, 85.10882819107444, 86.61618179327529, 87.88337646321102, 88.92245087687996, 89.8524201243464, 90.61255841983706, 91.23550980024939, 91.77591114240619, 92.2275696708312, 92.59243574982582, 92.9106642397009, 93.16068497286193, 93.35458687926548, 93.5101869980736, 93.62625018568733, 93.70740588656311, 93.7576705559993, 93.78023116333748, 93.779444276358, 93.7606275266837, 93.71506057192394
UGC08550, 44.817213036076744, 59.091769437244565, 68.36549603009459, 74.51931010864023, 79.10625721247172, 82.48399310400306, 85.12624574519806, 87.13325602945038, 88.7623968354563, 90.00667250366776, 90.9603416721661
UGC08699, 28.369414346630148, 39.497342180298915, 48.35150080139814, 55.69851976058692, 61.804750458205824, 67.76632876080174, 72.7020460397849, 77.25099210497935, 81.86722755189281, 85.80012977855783, 89.67284524495376, 93.16304122600879, 96.78169840996361, 99.91961377600856, 132.0203006303537, 133.877380646648, 135.76662938416854, 137.6011881607947, 139.38375245766693, 141.03907512521866, 142.6512951485466, 144.36980947154248, 145.89762083944473, 147.45775278885853, 148.9099464326499, 150.46065182457124, 151.84161431459646, 153.1905500752556, 154.6325957547782, 158.34652563700755, 159.77679647819434, 160.95004719507543, 162.1525437026407, 168.50943899209986, 176.96885766744813, 183.73289970370539, 189.84883470585524, 195.13631400905047, 199.71209884980448, 203.69299465219763, 208.56305355470403
UGC08837, 44.04453786163272, 59.978674821097, 70.50136478175584, 78.34975889581459, 84.69573162110764, 89.59309935746354, 93.68186035007167, 97.0134036148141
UGC09037, 95.47051037599475, 114.26712339066256, 128.885542728057, 140.98336176023045, 151.10158786437563, 159.86295874719457, 167.48220040586062, 174.22649856336722, 180.19201870161154, 185.4620779859647, 189.8885974847936, 194.19832041304838, 198.05623472583721, 201.5779875121297, 204.77433755730587, 207.68237255177252, 210.33362973778569, 212.73631824640105, 214.7973709159112, 216.8407981805716, 218.69987649401497, 220.42071145887186
UGC09133, 37.26501803012424, 52.1716363928892, 63.919865126415885, 73.45190658778998, 82.06581273024983, 89.56002934135337, 96.62764230865919, 102.95818466663268, 109.05550971494017, 114.60531853845202, 120.01842114231466, 125.15246032015298, 129.8916460218388, 134.56830204976504, 138.91118984570588, 143.2189074545625, 147.23719491472008, 151.23868944370957, 154.98440649606582, 158.72611745623738, 162.2384849131733, 165.75597743865399, 172.38671627479025, 175.61719601072326, 178.66508637969116, 179.72811985839058, 181.73163685005136, 184.6292139518323, 187.5485972616555, 193.09696141198546, 195.82028365115, 203.48208140311178, 205.98323503423413, 208.357775921397, 221.9691623955292, 224.0503132080942, 226.16114460551458, 240.95164818099752, 255.75321621193345, 269.2770978120535, 280.8506582315511, 291.2924463054416, 301.0611416166082, 309.58136898128083, 317.3599668164557, 324.761369936097, 331.3121337114253, 337.32629291465116, 343.09679573345755, 348.2236451779817, 352.9952487013101, 357.58236675178523, 361.6786526831414, 365.5081512471152, 369.0662981448671, 372.5175029360095, 375.61356522899666, 378.5196167741278, 381.334926409221, 383.8662912852268, 386.2385641356078, 388.5494792597879, 390.6378098690215, 392.58992857885863, 394.4935220709541, 396.21516606762725, 399.3963265034486, 403.5787938057003
UGC09992, 33.328563611250466, 45.28542110737682, 53.67855305499926, 59.92106705463302, 64.8044717954296
UGC10310, 33.06489605662127, 45.8312578041363, 54.89665411369579, 62.11461869112088, 68.02006113645449, 73.11707277458729, 77.4379503565424
UGC11455, 55.77428711004723, 78.34331474762918, 95.30374575146803, 110.40658810602652, 122.95508031964604, 134.04269442694914, 144.8228349904725, 153.99678588972958, 162.98826418646772, 171.68241252078516, 179.4934319280229, 186.78211149614137, 193.95104074680933, 200.79135077766983, 207.23313702698786, 213.51530132249755, 219.17113233093934, 225.00016834069714, 230.62251887090014, 235.19006140366625, 241.30741027928002, 254.51143437070553, 269.6944950905471, 277.49159920546776, 282.23148555952775, 293.2098031367796, 307.0431697562683, 319.21612002584357, 330.04256752844697, 339.7172893619309, 349.2476350833426, 358.17401315163056, 366.2533766519464, 374.2682379655349, 381.8569949766942, 388.69867860368873
UGC11557, 26.331397643166316, 44.86399610417293, 58.70956896959948, 67.77279908299455, 76.43351226663752, 82.7208774172231, 89.08032171751525, 93.87471199732299, 98.17806964689026, 104.4660183823044, 112.75837438608667, 119.43955160552132
UGC11820, 45.97493914956509, 57.85902890741238, 66.11358264674003, 72.98071481347314, 79.6324783510033, 112.3692873476484, 113.24906183312997, 111.84895303443662, 109.72612772198417, 107.35169840759868
UGC11914, 35.83981087045014, 41.094260263144506, 46.18537094719631, 50.28648064488689, 54.04050847977787, 57.88708928659041, 61.10885876553067, 64.13914522634674, 67.3133924048726, 70.01914375462098, 72.59872953863064, 75.06546348760084, 77.94311771756823, 80.19622617621849, 82.36647439487282, 84.4605043411685, 86.70481917565213, 88.65606863606736, 90.54689448029129, 92.38122519599229, 94.5515571626683, 96.2724038580923, 97.94687033127207, 99.57748620821157, 100.11168449190653, 101.34064795336468, 102.88601850276422, 104.39408708622076, 105.86661569339344, 108.86574325922395, 113.18194392649502, 119.46514270131246, 120.62266776057908, 122.99632682711764, 123.84790069652456, 124.20921203920405, 126.33259314884907, 127.36665806117269, 128.49490642008112, 129.4922562964157, 132.59528708493025, 133.01060812496468, 133.52560162354834, 134.4411559140768, 135.34233999655578, 136.32725589539186, 137.1993121089301, 138.05811224769613, 138.90398553759886, 139.82906815583814, 140.73899888216704, 141.5453121629566, 142.3399560784725, 143.12320038990222, 143.98041803098928, 144.57247211236216, 144.74043969106887, 145.4898415891058, 146.22885685852896, 149.2396509798272, 150.00383005244137, 150.6820016388301, 153.94291688637642, 161.879344558296, 168.63282183162698
UGC12506, 53.095237906373555, 90.0809686527298, 113.97820104009587, 132.24640914675598, 147.12118293942157, 159.65360503615352, 170.382395824871, 179.82101131021903, 188.16296984515742, 195.5996224605861, 202.2750500021451, 208.30103418936682, 213.76638002439478, 218.7430099526958, 223.29010816497458, 227.45703262602663, 231.28541833359262, 234.79009142797054, 238.04438529658182, 241.0523098628521, 243.8368726788476, 246.41824302744223, 248.8141969866882, 251.04047742101986, 253.1110880180365, 255.03853558382772, 256.83403130869505, 258.5076591777407, 260.0593251296589, 261.51626216926235, 262.8760910554645
UGC12632, 44.129304307916605, 59.70206310577884, 70.24992120787343, 77.92723299771986, 83.81108625076253, 88.58492503902978, 92.47181842424827, 95.72214855871395, 98.39280052650804, 100.63857256437998, 102.53826508189577, 104.13131687429807, 105.5457707032696, 106.70265295236037, 107.70678757180596
UGC12732, 44.503952901353436, 59.88945102111158, 70.01570381087024, 77.38537277644643, 83.01642666204626, 87.44712259215, 91.00249444767823, 93.89543700287298, 96.27330497899588, 98.2422631949551, 99.94324360875844, 101.22397649906739, 102.41731074316986, 103.31773342386114, 104.15594945289051, 104.84938568448293
UGCA281, 21.769841016747325, 35.028809839663296, 43.37797486074302, 49.86530864343754, 54.62293000384794, 58.49046874932983, 62.06723015207663
UGCA442, 21.48010982018539, 35.56191385744749, 44.081206716561084, 50.13044707834478, 54.6288290469618, 58.30619279365807, 61.171716405180334, 63.58374602066386
UGCA444, 12.143667266902757, 15.172324863582467, 17.62413669915036, 19.717559100930632, 21.559056995473462, 23.210275771674002, 24.91459811412957, 26.27593855991872, 27.536146433628893, 28.70962474671011, 29.807617682221057, 30.839115160529705, 31.811447581559598, 32.730691632852235, 33.601955911246506, 34.544483100379146, 35.32679527400654, 36.07288461065764, 36.78553708143414, 37.56219340695728, 38.21111867869048, 38.83345507364444, 39.43092444167235, 39.92443060456185, 40.557330356762144, 41.08895491579127, 41.60112278880002, 42.09490440373591, 42.571283087393354, 43.0955649625926, 43.537613580872645, 43.96488244665436, 44.378082933486176, 44.83393227158584, 45.219157103871424, 45.5922472543842
