     Galaxy         Finite difference    Spline: 1st derivative        w/ bulge     w/o bulge    Spline: 2nd derivative       w/ bulge      w/o bulge
---  -----------  -------------------  ------------------------  --------------  ------------  ------------------------  -------------  -------------
  0  CamB                   0.571429                0.318317     -inf               0.318317                -0.185257    -inf             -0.185257
  1  DDO064                 0.741758                0.734559     -inf               0.734559                 0.219796    -inf              0.219796
  2  DDO154                 0.954545                0.954703     -inf               0.954703                -0.0166437   -inf             -0.0166437
  3  DDO161                 0.756618                0.677543     -inf               0.677543                -0.31224     -inf             -0.31224
  4  DDO168                 0.833333                0.69792      -inf               0.69792                 -0.111517    -inf             -0.111517
  5  DDO170                 0.857143                0.818461     -inf               0.818461                 0.349779    -inf              0.349779
  6  ESO079-G014            0.652747                0.65598      -inf               0.65598                 -0.0897591   -inf             -0.0897591
  7  ESO116-G012            0.846154                0.690559     -inf               0.690559                 0.269549    -inf              0.269549
  8  ESO444-G084            0.942857                0.929431     -inf               0.929431                 0.342782    -inf              0.342782
  9  ESO563-G021            0.774298                0.641465     -inf               0.641465                -0.0970006   -inf             -0.0970006
 10  F561-1                 0.7                     0.333004     -inf               0.333004                 0.438758    -inf              0.438758
 11  F563-1                 0.152941               -0.174013     -inf              -0.174013                -0.657475    -inf             -0.657475
 12  F563-V1                0.9                     0.941206     -inf               0.941206                 0.960859    -inf              0.960859
 13  F563-V2                0.883333                0.829588     -inf               0.829588                 0.197604    -inf              0.197604
 14  F565-V2                0.771429                0.529674     -inf               0.529674                -0.439592    -inf             -0.439592
 15  F567-2                 0.4                     0.313347     -inf               0.313347                 0.651147    -inf              0.651147
 16  F568-1                 0.318182                0.344205     -inf               0.344205                -0.0851883   -inf             -0.0851883
 17  F568-3                 0.735294                0.459385     -inf               0.459385                 0.215875    -inf              0.215875
 18  F568-V1                0.488449                0.658563     -inf               0.658563                 0.397951    -inf              0.397951
 19  F571-8                 0.202797               -0.063919     -inf              -0.063919                 0.252967    -inf              0.252967
 20  F571-V1                0.828571                0.810881     -inf               0.810881                 0.541257    -inf              0.541257
 21  F574-1                 0.335165                0.343951     -inf               0.343951                 0.193109    -inf              0.193109
 22  F574-2                -0.2                     0.128976     -inf               0.128976                -0.978323    -inf             -0.978323
 23  F579-V1                0.899588                0.874924     -inf               0.874924                 0.503303    -inf              0.503303
 24  F583-1                 0.026087                0.323228     -inf               0.323228                 0.134523    -inf              0.134523
 25  F583-4                 0.390909                0.119439     -inf               0.119439                -0.3076      -inf             -0.3076
 26  IC2574                 0.194034                0.0382012    -inf               0.0382012               -0.256888    -inf             -0.256888
 27  IC4202                 0.459677                0.398606        0.398606     -inf                       -0.0153738     -0.0153738   -inf
 28  KK98-251               0.397802                0.647427     -inf               0.647427                 0.239894    -inf              0.239894
 29  NGC0024                0.77723                 0.398578     -inf               0.398578                -0.404833    -inf             -0.404833
 30  NGC0055                0.879699                0.860379     -inf               0.860379                 0.0173829   -inf              0.0173829
 31  NGC0100                0.830075                0.794989     -inf               0.794989                 0.567056    -inf              0.567056
 32  NGC0247                0.744517                0.733769     -inf               0.733769                 0.0680965   -inf              0.0680965
 33  NGC0289                0.302244                0.293246     -inf               0.293246                 0.0294387   -inf              0.0294387
 34  NGC0300                0.615652                0.580689     -inf               0.580689                 0.18529     -inf              0.18529
 35  NGC0801                0.816113               -0.233974     -inf              -0.233974                -0.425106    -inf             -0.425106
 36  NGC0891               -0.454547               -0.280205       -0.280205     -inf                       -0.0177176     -0.0177176   -inf
 37  NGC1003                0.331745                0.289292     -inf               0.289292                 0.387999    -inf              0.387999
 38  NGC1090                0.492418                0.459305     -inf               0.459305                 0.0547842   -inf              0.0547842
 39  NGC1705                0.423077                0.544528     -inf               0.544528                -0.0117215   -inf             -0.0117215
 40  NGC2366                0.819231                0.750643     -inf               0.750643                -0.157656    -inf             -0.157656
 41  NGC2403                0.573298                0.326649     -inf               0.326649                 0.364214    -inf              0.364214
 42  NGC2683                0.515152                0.379563        0.379563     -inf                        0.639          0.639       -inf
 43  NGC2841                0.0205149               0.259425        0.259425     -inf                       -0.0326819     -0.0326819   -inf
 44  NGC2903                0.664883                0.401161     -inf               0.401161                -0.17117     -inf             -0.17117
 45  NGC2915               -0.335468               -0.347025     -inf              -0.347025                -0.0232794   -inf             -0.0232794
 46  NGC2955                0.139362               -0.000184811    -0.000184811  -inf                       -0.00102456    -0.00102456  -inf
 47  NGC2976                0.320055                0.486972     -inf               0.486972                 0.181208    -inf              0.181208
 48  NGC2998                0.825175               -0.288427     -inf              -0.288427                -0.494904    -inf             -0.494904
 49  NGC3109                0.730435                0.707976     -inf               0.707976                 0.238861    -inf              0.238861
 50  NGC3198                0.663128                0.469073     -inf               0.469073                 0.208866    -inf              0.208866
 51  NGC3521                0.557164                0.232352     -inf               0.232352                 0.166804    -inf              0.166804
 52  NGC3726                0.463636                0.352258     -inf               0.352258                 0.443417    -inf              0.443417
 53  NGC3741                0.505263                0.508067     -inf               0.508067                 0.140214    -inf              0.140214
 54  NGC3769               -0.136364               -0.0110856    -inf              -0.0110856                0.436082    -inf              0.436082
 55  NGC3877                0.616463                0.584625     -inf               0.584625                -0.578864    -inf             -0.578864
 56  NGC3893                0.4                     0.356116     -inf               0.356116                 0.787975    -inf              0.787975
 57  NGC3917                0.878587                0.883115     -inf               0.883115                 0.399539    -inf              0.399539
 58  NGC3949                0.485714                0.522782     -inf               0.522782                -0.343856    -inf             -0.343856
 59  NGC3953                0.857143                0.812332     -inf               0.812332                 0.4375      -inf              0.4375
 60  NGC3972                0.816667                0.691476     -inf               0.691476                -0.261952    -inf             -0.261952
 61  NGC3992                0.809524                0.744838     -inf               0.744838                 0.20986     -inf              0.20986
 62  NGC4010                0.809091                0.733747     -inf               0.733747                 0.203839    -inf              0.203839
 63  NGC4013                0.249433                0.200728        0.200728     -inf                       -0.11022       -0.11022     -inf
 64  NGC4051                0.771429                0.736338     -inf               0.736338                 0.806817    -inf              0.806817
 65  NGC4068                0.8                     0.696941     -inf               0.696941                -0.996751    -inf             -0.996751
 66  NGC4085                0.942857                0.754289     -inf               0.754289                -0.591702    -inf             -0.591702
 67  NGC4088                0.581818                0.569834     -inf               0.569834                 0.00462174  -inf              0.00462174
 68  NGC4100                0.574679                0.548155     -inf               0.548155                 0.00175231  -inf              0.00175231
 69  NGC4157                0.836525                0.806665        0.806665     -inf                        0.445279       0.445279    -inf
 70  NGC4183                0.796725                0.763738     -inf               0.763738                 0.198451    -inf              0.198451
 71  NGC4214                0.281772                0.208755     -inf               0.208755                 0.383919    -inf              0.383919
 72  NGC4217                0.0123903               0.111817        0.111817     -inf                        0.279361       0.279361    -inf
 73  NGC4389                0.9                     0.544475     -inf               0.544475                -0.101693    -inf             -0.101693
 74  NGC4559                0.40594                 0.393845     -inf               0.393845                 0.12988     -inf              0.12988
 75  NGC5005                0.468349                0.399603        0.399603     -inf                        0.267344       0.267344    -inf
 76  NGC5033                0.0363636               0.128969        0.128969     -inf                        0.301519       0.301519    -inf
 77  NGC5055                0.567842                0.377822     -inf               0.377822                -0.079811    -inf             -0.079811
 78  NGC5371                0.688338                0.684205     -inf               0.684205                 0.0210908   -inf              0.0210908
 79  NGC5585                0.572134                0.657296     -inf               0.657296                -0.123085    -inf             -0.123085
 80  NGC5985                0.250733                0.208294        0.208294     -inf                       -0.146251      -0.146251    -inf
 81  NGC6015                0.572378                0.251376     -inf               0.251376                 0.270087    -inf              0.270087
 82  NGC6195                0.0999435               0.0978667       0.0978667    -inf                        0.201713       0.201713    -inf
 83  NGC6503                0.0537466               0.163263     -inf               0.163263                 0.289471    -inf              0.289471
 84  NGC6674                0.885714                0.823788        0.823788     -inf                        0.260087       0.260087    -inf
 85  NGC6946                0.462086                0.401728        0.401728     -inf                       -0.142678      -0.142678    -inf
 86  NGC7331                0.540431                0.499788        0.499788     -inf                        0.216227       0.216227    -inf
 87  NGC7793                0.829381                0.716963     -inf               0.716963                 0.0152177   -inf              0.0152177
 88  NGC7814                0.70349                 0.638929        0.638929     -inf                        0.239267       0.239267    -inf
 89  PGC51017              -0.5                    -0.25216      -inf              -0.25216                  0.469761    -inf              0.469761
 90  UGC00128               0.527959                0.540896     -inf               0.540896                 0.173076    -inf              0.173076
 91  UGC00191               0.714286               -0.202623     -inf              -0.202623                -0.747611    -inf             -0.747611
 92  UGC00731               0.563636                0.466668     -inf               0.466668                 0.535835    -inf              0.535835
 93  UGC00891               1                       0.869594     -inf               0.869594                 0.321428    -inf              0.321428
 94  UGC01230               0.684848                0.446308     -inf               0.446308                 0.0186564   -inf              0.0186564
 95  UGC01281               0.413913                0.430347     -inf               0.430347                -0.361557    -inf             -0.361557
 96  UGC02023               0.4                     0.261553     -inf               0.261553                 0.588252    -inf              0.588252
 97  UGC02259               0.857143                0.780181     -inf               0.780181                 0.141734    -inf              0.141734
 98  UGC02455              -0.571429               -0.425818     -inf              -0.425818                -0.363246    -inf             -0.363246
 99  UGC02487               0.582353                0.55103         0.55103      -inf                        0.568642       0.568642    -inf
100  UGC02885               0.256481                0.017933        0.017933     -inf                       -0.0410741     -0.0410741   -inf
101  UGC02916              -0.0281762               0.242053        0.242053     -inf                        0.319049       0.319049    -inf
102  UGC02953               0.443568                0.544259        0.544259     -inf                        0.0258446      0.0258446   -inf
103  UGC03205               0.50799                 0.367589        0.367589     -inf                        0.343283       0.343283    -inf
104  UGC03546               0.646422                0.422809        0.422809     -inf                        0.430144       0.430144    -inf
105  UGC03580              -0.441531                0.0551356       0.0551356    -inf                        0.431189       0.431189    -inf
106  UGC04278               0.176522                0.120677     -inf               0.120677                -0.226396    -inf             -0.226396
107  UGC04305               0.319481                0.327362     -inf               0.327362                -0.338626    -inf             -0.338626
108  UGC04325               0.964286                0.928698     -inf               0.928698                -0.378041    -inf             -0.378041
109  UGC04483               0.857143                0.703012     -inf               0.703012                -0.273603    -inf             -0.273603
110  UGC04499               0.642857                0.587446     -inf               0.587446                -0.682637    -inf             -0.682637
111  UGC05005               0.927273                0.888095     -inf               0.888095                 0.114893    -inf              0.114893
112  UGC05253               0.441597                0.216013        0.216013     -inf                       -0.0652207     -0.0652207   -inf
113  UGC05414               1                       0.762898     -inf               0.762898                -0.13059     -inf             -0.13059
114  UGC05716               0.672727                0.632494     -inf               0.632494                 0.41213     -inf              0.41213
115  UGC05721               0.759458                0.57338      -inf               0.57338                  0.172181    -inf              0.172181
116  UGC05750               0.757576                0.0609062    -inf               0.0609062               -0.853987    -inf             -0.853987
117  UGC05764               0.883333                0.816215     -inf               0.816215                -0.152171    -inf             -0.152171
118  UGC05829               0.260606                0.132385     -inf               0.132385                 0.0453618   -inf              0.0453618
119  UGC05918               0.714286                0.488763     -inf               0.488763                -0.0657366   -inf             -0.0657366
120  UGC05986               0.816282                0.832516     -inf               0.832516                 0.586001    -inf              0.586001
121  UGC05999              -0.2                    -0.054543     -inf              -0.054543                -0.26267     -inf             -0.26267
122  UGC06399               0.880952                0.883404     -inf               0.883404                -0.0772668   -inf             -0.0772668
123  UGC06446               0.502941                0.511463     -inf               0.511463                 0.642824    -inf              0.642824
124  UGC06614               0.307692                0.0542796       0.0542796    -inf                        0.345817       0.345817    -inf
125  UGC06628               0.811679                0.566011     -inf               0.566011                -0.543392    -inf             -0.543392
126  UGC06667               0.785714                0.516201     -inf               0.516201                -0.319141    -inf             -0.319141
127  UGC06786               0.203919               -0.248102       -0.248102     -inf                        0.0033109      0.0033109   -inf
128  UGC06787               0.433524                0.188498        0.188498     -inf                        0.0709167      0.0709167   -inf
129  UGC06917               0.29697                 0.426312     -inf               0.426312                 0.00618989  -inf              0.00618989
130  UGC06923               0.8                     0.586871     -inf               0.586871                -0.0860549   -inf             -0.0860549
131  UGC06930               0.945615                0.918036     -inf               0.918036                -0.170001    -inf             -0.170001
132  UGC06973               0.333333                0.446671        0.446671     -inf                       -0.484551      -0.484551    -inf
133  UGC06983               0.514706                0.546683     -inf               0.546683                 0.841018    -inf              0.841018
134  UGC07089               0.7                     0.545353     -inf               0.545353                -0.1069      -inf             -0.1069
135  UGC07125               0.503497                0.341535     -inf               0.341535                -0.214178    -inf             -0.214178
136  UGC07151               0.878788                0.868123     -inf               0.868123                 0.277567    -inf              0.277567
137  UGC07261               0.0285714               0.161266     -inf               0.161266                 0.315069    -inf              0.315069
138  UGC07323               0.566667                0.501141     -inf               0.501141                -0.129225    -inf             -0.129225
139  UGC07399               0.65                    0.571492     -inf               0.571492                 0.251319    -inf              0.251319
140  UGC07524               0.616754                0.589838     -inf               0.589838                 0.247671    -inf              0.247671
141  UGC07559               0.485714                0.504354     -inf               0.504354                -0.383428    -inf             -0.383428
142  UGC07577              -0.619048               -0.615789     -inf              -0.615789                -0.643253    -inf             -0.643253
143  UGC07603               0.913252                0.855802     -inf               0.855802                 0.418283    -inf              0.418283
144  UGC07608               0.607143                0.298872     -inf               0.298872                -0.267103    -inf             -0.267103
145  UGC07690               0.428571                0.0870925    -inf               0.0870925                0.0913818   -inf              0.0913818
146  UGC07866               0.428571                0.510372     -inf               0.510372                -0.180313    -inf             -0.180313
147  UGC08286               0.741176                0.738571     -inf               0.738571                 0.182484    -inf              0.182484
148  UGC08490               0.569458                0.474009     -inf               0.474009                 0.293555    -inf              0.293555
149  UGC08550               0.466667                0.521027     -inf               0.521027                 0.586041    -inf              0.586041
150  UGC08699               0.384717                0.368735        0.368735     -inf                        0.133539       0.133539    -inf
151  UGC08837               0.178571                0.359099     -inf               0.359099                 0.0644427   -inf              0.0644427
152  UGC09037               0.628571                0.442499     -inf               0.442499                -0.173146    -inf             -0.173146
153  UGC09133              -0.312934                0.279055        0.279055     -inf                        0.211065       0.211065    -inf
154  UGC09992               0.8                     0.725476     -inf               0.725476                -0.606931    -inf             -0.606931
155  UGC10310               0.828571                0.780576     -inf               0.780576                 0.423347    -inf              0.423347
156  UGC11455               0.621752                0.401611     -inf               0.401611                -0.0826944   -inf             -0.0826944
157  UGC11557               0.827273                0.568647     -inf               0.568647                 0.348455    -inf              0.348455
158  UGC11820               0.816667               -0.173525     -inf              -0.173525                -0.268425    -inf             -0.268425
159  UGC11914               0.643713                0.207289        0.207289     -inf                        0.026072       0.026072    -inf
160  UGC12506               0.672009                0.646424     -inf               0.646424                 0.196605    -inf              0.196605
161  UGC12632               0.525275                0.460938     -inf               0.460938                 0.00636597  -inf              0.00636597
162  UGC12732               0.146429                0.135146     -inf               0.135146                -0.23537     -inf             -0.23537
163  UGCA281                1                       0.880813     -inf               0.880813                -0.334294    -inf             -0.334294
164  UGCA442                0.964286                0.908188     -inf               0.908188                 0.262053    -inf              0.262053
165  UGCA444                0.304287                0.318051     -inf               0.318051                 0.177796    -inf              0.177796